G3dErrFileVersion 2018P3.1
FlagFileMetaData Begin
   Mesh Size - Setup1, Refinement, Pass #1, Freq. 5.640000e+09 :Title    
   Listing of mesh elements with small segments. :ToolTip  
   hf3d :Author   
   1684622011 :TimeStamp
FlagFileMetaData End
BEGIN_ERR 
26 Small mesh segment detected on body : pecCap1
 Small mesh segment detected on body : pecCap1 
 Segment Statistics - Number of Segments : 1 --- Segment length(s) : 0.082912mm. The cutoff frequency for S-Matrix Only Solve is 3.15571008421053MHz 
3 -1  163  320  # nfids, fids[]
2 313  -1  # nbids, bids[]
      4 4 1 0 #ntets ntri ned npts
           2.2500000000000000e+01  -9.2972785499999999e-01   1.3757898095000000e+01 #xyz tv0
           2.2500000000000000e+01  -8.4687241250000000e-01   1.3760957532499999e+01 #xyz tv1
           2.2500000000000000e+01  -4.4901280999999998e-01   1.3449012809999999e+01 #xyz tv2
           2.3000000000000000e+01  -1.6629831600000000e+00   1.2311169820000000e+01 -1 313 #xyz tv3 fid bid
           2.2500000000000000e+01  -9.2972785499999999e-01   1.3757898095000000e+01 #xyz tv0
           2.2500000000000000e+01  -4.4901280999999998e-01   1.3449012809999999e+01 #xyz tv1
           2.2500000000000000e+01  -8.4687241250000000e-01   1.3760957532499999e+01 #xyz tv2
           2.1660029888898187e+01  -4.4901280999999998e-01   1.3449012809999999e+01 -1 313 #xyz tv3 fid bid
           2.2500000000000000e+01  -5.6892149500000000e-01   1.4055997984999999e+01 #xyz tv0
           2.2500000000000000e+01  -8.4687241250000000e-01   1.3760957532499999e+01 #xyz tv1
           2.2500000000000000e+01  -9.2972785499999999e-01   1.3757898095000000e+01 #xyz tv2
           2.3000000000000000e+01  -1.6629831600000000e+00   1.2311169820000000e+01 -1 313 #xyz tv3 fid bid
           2.2500000000000000e+01  -5.6892149500000000e-01   1.4055997984999999e+01 #xyz tv0
           2.2500000000000000e+01  -9.2972785499999999e-01   1.3757898095000000e+01 #xyz tv1
           2.2500000000000000e+01  -8.4687241250000000e-01   1.3760957532499999e+01 #xyz tv2
           2.1660029888898187e+01  -4.4901280999999998e-01   1.3449012809999999e+01 -1 313 #xyz tv3 fid bid
           2.2500000000000000e+01  -5.6892149500000000e-01   1.4055997984999999e+01 #xyz tv0
           2.2500000000000000e+01  -9.2972785499999999e-01   1.3757898095000000e+01 #xyz tv1
           2.2500000000000000e+01  -8.4687241250000000e-01   1.3760957532499999e+01 163 -1 #xyz tv2 fid bid
           2.2500000000000000e+01  -5.6892149500000000e-01   1.4055997984999999e+01 #xyz tv0
           2.2500000000000000e+01  -9.2972785499999999e-01   1.3757898095000000e+01 #xyz tv1
           2.2500000000000000e+01  -8.4687241250000000e-01   1.3760957532499999e+01 320 -1 #xyz tv2 fid bid
           2.2500000000000000e+01  -9.2972785499999999e-01   1.3757898095000000e+01 #xyz tv0
           2.2500000000000000e+01  -4.4901280999999998e-01   1.3449012809999999e+01 #xyz tv1
           2.2500000000000000e+01  -8.4687241250000000e-01   1.3760957532499999e+01 163 -1 #xyz tv2 fid bid
           2.2500000000000000e+01  -9.2972785499999999e-01   1.3757898095000000e+01 #xyz tv0
           2.2500000000000000e+01  -4.4901280999999998e-01   1.3449012809999999e+01 #xyz tv1
           2.2500000000000000e+01  -8.4687241250000000e-01   1.3760957532499999e+01 320 -1 #xyz tv2 fid bid
           2.2500000000000000e+01  -9.2972785499999999e-01   1.3757898095000000e+01 #xyz ev0
           2.2500000000000000e+01  -8.4687241250000000e-01   1.3760957532499999e+01 -1 313 #xyz ev1 fid bid
   0   0.000000000000e+00   0.000000000000e+00   0.000000000000e+00 #flag location
END_ERR 
G3dErrFileVersion 2018P3.1
FlagFileMetaData Begin
   Mesh Size - Setup1, Refinement, Pass #2, Freq. 5.640000e+09 :Title    
   Listing of mesh elements with small segments. :ToolTip  
   hf3d :Author   
   1684622014 :TimeStamp
FlagFileMetaData End
BEGIN_ERR 
26 Small mesh segment detected on body : pecCap1
 Small mesh segment detected on body : pecCap1 
 Segment Statistics - Number of Segments : 1 --- Segment length(s) : 0.119948mm. The cutoff frequency for S-Matrix Only Solve is 3.15571008421053MHz 
3 -1  163  320  # nfids, fids[]
2 313  -1  # nbids, bids[]
      4 4 1 0 #ntets ntri ned npts
           2.2500000000000000e+01  -8.5384099986678230e-02   1.2027507170814273e+01 #xyz tv0
           2.2500000000000000e+01  -1.6655987899181421e-01   1.2115813316562559e+01 #xyz tv1
           2.3000000000000000e+01   6.8883018000000007e-01   1.1337016840000000e+01 #xyz tv2
           2.2500000000000000e+01  -4.4807115664377511e-01   1.1727652162898700e+01 -1 313 #xyz tv3 fid bid
           2.2500000000000000e+01  -8.5384099986678230e-02   1.2027507170814273e+01 #xyz tv0
           2.3000000000000000e+01   6.8883018000000007e-01   1.1337016840000000e+01 #xyz tv1
           2.2500000000000000e+01  -1.6655987899181421e-01   1.2115813316562559e+01 #xyz tv2
           2.2500000000000000e+01   2.4300398000000001e-01   1.2413336500000000e+01 -1 313 #xyz tv3 fid bid
           2.2500000000000000e+01  -8.5384099986678230e-02   1.2027507170814273e+01 #xyz tv0
           2.1556491200000004e+01  -6.8883018000000007e-01   1.1337016840000000e+01 #xyz tv1
           2.2500000000000000e+01  -1.6655987899181421e-01   1.2115813316562559e+01 #xyz tv2
           2.2500000000000000e+01  -4.4807115664377511e-01   1.1727652162898700e+01 -1 313 #xyz tv3 fid bid
           2.2500000000000000e+01  -8.5384099986678230e-02   1.2027507170814273e+01 #xyz tv0
           2.2500000000000000e+01  -1.6655987899181421e-01   1.2115813316562559e+01 #xyz tv1
           2.1556491200000004e+01  -6.8883018000000007e-01   1.1337016840000000e+01 #xyz tv2
           2.2500000000000000e+01   2.4300398000000001e-01   1.2413336500000000e+01 -1 313 #xyz tv3 fid bid
           2.2500000000000000e+01  -4.4807115664377511e-01   1.1727652162898700e+01 #xyz tv0
           2.2500000000000000e+01  -8.5384099986678230e-02   1.2027507170814273e+01 #xyz tv1
           2.2500000000000000e+01  -1.6655987899181421e-01   1.2115813316562559e+01 163 -1 #xyz tv2 fid bid
           2.2500000000000000e+01  -4.4807115664377511e-01   1.1727652162898700e+01 #xyz tv0
           2.2500000000000000e+01  -8.5384099986678230e-02   1.2027507170814273e+01 #xyz tv1
           2.2500000000000000e+01  -1.6655987899181421e-01   1.2115813316562559e+01 320 -1 #xyz tv2 fid bid
           2.2500000000000000e+01  -8.5384099986678230e-02   1.2027507170814273e+01 #xyz tv0
           2.2500000000000000e+01   2.4300398000000001e-01   1.2413336500000000e+01 #xyz tv1
           2.2500000000000000e+01  -1.6655987899181421e-01   1.2115813316562559e+01 163 -1 #xyz tv2 fid bid
           2.2500000000000000e+01  -8.5384099986678230e-02   1.2027507170814273e+01 #xyz tv0
           2.2500000000000000e+01   2.4300398000000001e-01   1.2413336500000000e+01 #xyz tv1
           2.2500000000000000e+01  -1.6655987899181421e-01   1.2115813316562559e+01 320 -1 #xyz tv2 fid bid
           2.2500000000000000e+01  -8.5384099986678230e-02   1.2027507170814273e+01 #xyz ev0
           2.2500000000000000e+01  -1.6655987899181421e-01   1.2115813316562559e+01 -1 313 #xyz ev1 fid bid
   0   0.000000000000e+00   0.000000000000e+00   0.000000000000e+00 #flag location
END_ERR 
G3dErrFileVersion 2018P3.1
FlagFileMetaData Begin
   Mesh Size - Setup1, Refinement, Pass #3, Freq. 5.640000e+09 :Title    
   Listing of mesh elements with small segments. :ToolTip  
   hf3d :Author   
   1684622017 :TimeStamp
FlagFileMetaData End
BEGIN_ERR 
26 Small mesh segment detected on body : pecCap2
 Small mesh segment detected on body : pecCap2 
 Segment Statistics - Number of Segments : 1 --- Segment length(s) : 0.123882mm. The cutoff frequency for S-Matrix Only Solve is 3.15571008421053MHz 
3 -1  915  992  # nfids, fids[]
2 985  -1  # nbids, bids[]
      4 4 1 0 #ntets ntri ned npts
           1.1248233299999999e+00   2.2500000000000000e+01   1.3465917080000001e+01 #xyz tv0
           1.0559979850000001e+00   2.2500000000000000e+01   1.3568921495000000e+01 #xyz tv1
           1.2727922100000000e+00   2.3000000000000000e+01   1.4272792210000000e+01 #xyz tv2
           1.6629831600000000e+00   2.2500000000000000e+01   1.3688830180000000e+01 -1 985 #xyz tv3 fid bid
           1.1248233299999999e+00   2.2500000000000000e+01   1.3465917080000001e+01 #xyz tv0
           1.2727922100000000e+00   2.3000000000000000e+01   1.4272792210000000e+01 #xyz tv1
           1.0559979850000001e+00   2.2500000000000000e+01   1.3568921495000000e+01 #xyz tv2
           5.8666350000000000e-01   2.2500000000000000e+01   1.3243003979999999e+01 -1 985 #xyz tv3 fid bid
           1.1248233299999999e+00   2.2500000000000000e+01   1.3465917080000001e+01 #xyz tv0
           1.3033536340625012e+00   2.1968321281227645e+01   1.2906276475937503e+01 #xyz tv1
           1.0559979850000001e+00   2.2500000000000000e+01   1.3568921495000000e+01 #xyz tv2
           1.6629831600000000e+00   2.2500000000000000e+01   1.3688830180000000e+01 -1 985 #xyz tv3 fid bid
           1.1248233299999999e+00   2.2500000000000000e+01   1.3465917080000001e+01 #xyz tv0
           1.0559979850000001e+00   2.2500000000000000e+01   1.3568921495000000e+01 #xyz tv1
           1.3033536340625012e+00   2.1968321281227645e+01   1.2906276475937503e+01 #xyz tv2
           5.8666350000000000e-01   2.2500000000000000e+01   1.3243003979999999e+01 -1 985 #xyz tv3 fid bid
           1.6629831600000000e+00   2.2500000000000000e+01   1.3688830180000000e+01 #xyz tv0
           1.1248233299999999e+00   2.2500000000000000e+01   1.3465917080000001e+01 #xyz tv1
           1.0559979850000001e+00   2.2500000000000000e+01   1.3568921495000000e+01 915 -1 #xyz tv2 fid bid
           1.6629831600000000e+00   2.2500000000000000e+01   1.3688830180000000e+01 #xyz tv0
           1.1248233299999999e+00   2.2500000000000000e+01   1.3465917080000001e+01 #xyz tv1
           1.0559979850000001e+00   2.2500000000000000e+01   1.3568921495000000e+01 992 -1 #xyz tv2 fid bid
           1.1248233299999999e+00   2.2500000000000000e+01   1.3465917080000001e+01 #xyz tv0
           5.8666350000000000e-01   2.2500000000000000e+01   1.3243003979999999e+01 #xyz tv1
           1.0559979850000001e+00   2.2500000000000000e+01   1.3568921495000000e+01 915 -1 #xyz tv2 fid bid
           1.1248233299999999e+00   2.2500000000000000e+01   1.3465917080000001e+01 #xyz tv0
           5.8666350000000000e-01   2.2500000000000000e+01   1.3243003979999999e+01 #xyz tv1
           1.0559979850000001e+00   2.2500000000000000e+01   1.3568921495000000e+01 992 -1 #xyz tv2 fid bid
           1.1248233299999999e+00   2.2500000000000000e+01   1.3465917080000001e+01 #xyz ev0
           1.0559979850000001e+00   2.2500000000000000e+01   1.3568921495000000e+01 -1 985 #xyz ev1 fid bid
   0   0.000000000000e+00   0.000000000000e+00   0.000000000000e+00 #flag location
END_ERR 
G3dErrFileVersion 2018P3.1
FlagFileMetaData Begin
   Mesh Size - Setup1, Refinement, Pass #4, Freq. 5.640000e+09 :Title    
   Listing of mesh elements with small segments. :ToolTip  
   hf3d :Author   
   1684622021 :TimeStamp
FlagFileMetaData End
BEGIN_ERR 
26 Small mesh segment detected on body : pecCap2
 Small mesh segment detected on body : pecCap2 
 Segment Statistics - Number of Segments : 1 --- Segment length(s) : 0.123882mm. The cutoff frequency for S-Matrix Only Solve is 3.15571008421053MHz 
3 -1  915  992  # nfids, fids[]
2 985  -1  # nbids, bids[]
      4 4 1 0 #ntets ntri ned npts
           1.1248233299999999e+00   2.2500000000000000e+01   1.3465917080000001e+01 #xyz tv0
           1.0559979850000001e+00   2.2500000000000000e+01   1.3568921495000000e+01 #xyz tv1
           1.2727922100000000e+00   2.3000000000000000e+01   1.4272792210000000e+01 #xyz tv2
           1.6629831600000000e+00   2.2500000000000000e+01   1.3688830180000000e+01 -1 985 #xyz tv3 fid bid
           1.1248233299999999e+00   2.2500000000000000e+01   1.3465917080000001e+01 #xyz tv0
           1.2727922100000000e+00   2.3000000000000000e+01   1.4272792210000000e+01 #xyz tv1
           1.0559979850000001e+00   2.2500000000000000e+01   1.3568921495000000e+01 #xyz tv2
           5.8666350000000000e-01   2.2500000000000000e+01   1.3243003979999999e+01 -1 985 #xyz tv3 fid bid
           1.1248233299999999e+00   2.2500000000000000e+01   1.3465917080000001e+01 #xyz tv0
           1.3033536340625012e+00   2.1968321281227645e+01   1.2906276475937503e+01 #xyz tv1
           1.0559979850000001e+00   2.2500000000000000e+01   1.3568921495000000e+01 #xyz tv2
           1.6629831600000000e+00   2.2500000000000000e+01   1.3688830180000000e+01 -1 985 #xyz tv3 fid bid
           1.1248233299999999e+00   2.2500000000000000e+01   1.3465917080000001e+01 #xyz tv0
           1.0559979850000001e+00   2.2500000000000000e+01   1.3568921495000000e+01 #xyz tv1
           1.3033536340625012e+00   2.1968321281227645e+01   1.2906276475937503e+01 #xyz tv2
           5.8666350000000000e-01   2.2500000000000000e+01   1.3243003979999999e+01 -1 985 #xyz tv3 fid bid
           1.6629831600000000e+00   2.2500000000000000e+01   1.3688830180000000e+01 #xyz tv0
           1.1248233299999999e+00   2.2500000000000000e+01   1.3465917080000001e+01 #xyz tv1
           1.0559979850000001e+00   2.2500000000000000e+01   1.3568921495000000e+01 915 -1 #xyz tv2 fid bid
           1.6629831600000000e+00   2.2500000000000000e+01   1.3688830180000000e+01 #xyz tv0
           1.1248233299999999e+00   2.2500000000000000e+01   1.3465917080000001e+01 #xyz tv1
           1.0559979850000001e+00   2.2500000000000000e+01   1.3568921495000000e+01 992 -1 #xyz tv2 fid bid
           1.1248233299999999e+00   2.2500000000000000e+01   1.3465917080000001e+01 #xyz tv0
           5.8666350000000000e-01   2.2500000000000000e+01   1.3243003979999999e+01 #xyz tv1
           1.0559979850000001e+00   2.2500000000000000e+01   1.3568921495000000e+01 915 -1 #xyz tv2 fid bid
           1.1248233299999999e+00   2.2500000000000000e+01   1.3465917080000001e+01 #xyz tv0
           5.8666350000000000e-01   2.2500000000000000e+01   1.3243003979999999e+01 #xyz tv1
           1.0559979850000001e+00   2.2500000000000000e+01   1.3568921495000000e+01 992 -1 #xyz tv2 fid bid
           1.1248233299999999e+00   2.2500000000000000e+01   1.3465917080000001e+01 #xyz ev0
           1.0559979850000001e+00   2.2500000000000000e+01   1.3568921495000000e+01 -1 985 #xyz ev1 fid bid
   0   0.000000000000e+00   0.000000000000e+00   0.000000000000e+00 #flag location
END_ERR 
G3dErrFileVersion 2018P3.1
FlagFileMetaData Begin
   Mesh Size - Setup1, Refinement, Pass #5, Freq. 5.640000e+09 :Title    
   Listing of mesh elements with small segments. :ToolTip  
   hf3d :Author   
   1684622024 :TimeStamp
FlagFileMetaData End
BEGIN_ERR 
26 Small mesh segment detected on body : pecCap2
 Small mesh segment detected on body : pecCap2 
 Segment Statistics - Number of Segments : 1 --- Segment length(s) : 0.123882mm. The cutoff frequency for S-Matrix Only Solve is 3.15571008421053MHz 
3 -1  915  992  # nfids, fids[]
2 985  -1  # nbids, bids[]
      4 4 1 0 #ntets ntri ned npts
           1.1248233299999999e+00   2.2500000000000000e+01   1.3465917080000001e+01 #xyz tv0
           1.0559979850000001e+00   2.2500000000000000e+01   1.3568921495000000e+01 #xyz tv1
           1.2727922100000000e+00   2.3000000000000000e+01   1.4272792210000000e+01 #xyz tv2
           1.6629831600000000e+00   2.2500000000000000e+01   1.3688830180000000e+01 -1 985 #xyz tv3 fid bid
           1.1248233299999999e+00   2.2500000000000000e+01   1.3465917080000001e+01 #xyz tv0
           1.2727922100000000e+00   2.3000000000000000e+01   1.4272792210000000e+01 #xyz tv1
           1.0559979850000001e+00   2.2500000000000000e+01   1.3568921495000000e+01 #xyz tv2
           5.8666350000000000e-01   2.2500000000000000e+01   1.3243003979999999e+01 -1 985 #xyz tv3 fid bid
           1.1248233299999999e+00   2.2500000000000000e+01   1.3465917080000001e+01 #xyz tv0
           1.3033536340625012e+00   2.1968321281227645e+01   1.2906276475937503e+01 #xyz tv1
           1.0559979850000001e+00   2.2500000000000000e+01   1.3568921495000000e+01 #xyz tv2
           1.6629831600000000e+00   2.2500000000000000e+01   1.3688830180000000e+01 -1 985 #xyz tv3 fid bid
           1.1248233299999999e+00   2.2500000000000000e+01   1.3465917080000001e+01 #xyz tv0
           1.0559979850000001e+00   2.2500000000000000e+01   1.3568921495000000e+01 #xyz tv1
           1.3033536340625012e+00   2.1968321281227645e+01   1.2906276475937503e+01 #xyz tv2
           5.8666350000000000e-01   2.2500000000000000e+01   1.3243003979999999e+01 -1 985 #xyz tv3 fid bid
           1.6629831600000000e+00   2.2500000000000000e+01   1.3688830180000000e+01 #xyz tv0
           1.1248233299999999e+00   2.2500000000000000e+01   1.3465917080000001e+01 #xyz tv1
           1.0559979850000001e+00   2.2500000000000000e+01   1.3568921495000000e+01 915 -1 #xyz tv2 fid bid
           1.6629831600000000e+00   2.2500000000000000e+01   1.3688830180000000e+01 #xyz tv0
           1.1248233299999999e+00   2.2500000000000000e+01   1.3465917080000001e+01 #xyz tv1
           1.0559979850000001e+00   2.2500000000000000e+01   1.3568921495000000e+01 992 -1 #xyz tv2 fid bid
           1.1248233299999999e+00   2.2500000000000000e+01   1.3465917080000001e+01 #xyz tv0
           5.8666350000000000e-01   2.2500000000000000e+01   1.3243003979999999e+01 #xyz tv1
           1.0559979850000001e+00   2.2500000000000000e+01   1.3568921495000000e+01 915 -1 #xyz tv2 fid bid
           1.1248233299999999e+00   2.2500000000000000e+01   1.3465917080000001e+01 #xyz tv0
           5.8666350000000000e-01   2.2500000000000000e+01   1.3243003979999999e+01 #xyz tv1
           1.0559979850000001e+00   2.2500000000000000e+01   1.3568921495000000e+01 992 -1 #xyz tv2 fid bid
           1.1248233299999999e+00   2.2500000000000000e+01   1.3465917080000001e+01 #xyz ev0
           1.0559979850000001e+00   2.2500000000000000e+01   1.3568921495000000e+01 -1 985 #xyz ev1 fid bid
   0   0.000000000000e+00   0.000000000000e+00   0.000000000000e+00 #flag location
END_ERR 
BEGIN_ERR 
26 Small mesh segment detected on body : pecCap1
 Small mesh segment detected on body : pecCap1 
 Segment Statistics - Number of Segments : 1 --- Segment length(s) : 0.150178mm. The cutoff frequency for S-Matrix Only Solve is 3.15571008421053MHz 
3 -1  163  320  # nfids, fids[]
2 313  -1  # nbids, bids[]
      4 4 1 0 #ntets ntri ned npts
           2.2500000000000000e+01  -5.0909085423128636e-02   1.2024589501714836e+01 #xyz tv0
           2.2500000000000000e+01  -1.4660360310323972e-01   1.2140331033289238e+01 #xyz tv1
           2.3000000000000000e+01   6.8883018000000007e-01   1.1337016840000000e+01 #xyz tv2
           2.2500000000000000e+01  -4.4807115664377511e-01   1.1727652162898700e+01 -1 313 #xyz tv3 fid bid
           2.2500000000000000e+01  -5.0909085423128636e-02   1.2024589501714836e+01 #xyz tv0
           2.3000000000000000e+01   6.8883018000000007e-01   1.1337016840000000e+01 #xyz tv1
           2.2500000000000000e+01  -1.4660360310323972e-01   1.2140331033289238e+01 #xyz tv2
           2.2500000000000000e+01   2.4300398000000001e-01   1.2413336500000000e+01 -1 313 #xyz tv3 fid bid
           2.2500000000000000e+01  -5.0909085423128636e-02   1.2024589501714836e+01 #xyz tv0
           2.1556491200000004e+01  -6.8883018000000007e-01   1.1337016840000000e+01 #xyz tv1
           2.2500000000000000e+01  -1.4660360310323972e-01   1.2140331033289238e+01 #xyz tv2
           2.2500000000000000e+01  -4.4807115664377511e-01   1.1727652162898700e+01 -1 313 #xyz tv3 fid bid
           2.2500000000000000e+01  -5.0909085423128636e-02   1.2024589501714836e+01 #xyz tv0
           2.2500000000000000e+01  -1.4660360310323972e-01   1.2140331033289238e+01 #xyz tv1
           2.1556491200000004e+01  -6.8883018000000007e-01   1.1337016840000000e+01 #xyz tv2
           2.2500000000000000e+01   2.4300398000000001e-01   1.2413336500000000e+01 -1 313 #xyz tv3 fid bid
           2.2500000000000000e+01  -4.4807115664377511e-01   1.1727652162898700e+01 #xyz tv0
           2.2500000000000000e+01  -5.0909085423128636e-02   1.2024589501714836e+01 #xyz tv1
           2.2500000000000000e+01  -1.4660360310323972e-01   1.2140331033289238e+01 163 -1 #xyz tv2 fid bid
           2.2500000000000000e+01  -4.4807115664377511e-01   1.1727652162898700e+01 #xyz tv0
           2.2500000000000000e+01  -5.0909085423128636e-02   1.2024589501714836e+01 #xyz tv1
           2.2500000000000000e+01  -1.4660360310323972e-01   1.2140331033289238e+01 320 -1 #xyz tv2 fid bid
           2.2500000000000000e+01  -5.0909085423128636e-02   1.2024589501714836e+01 #xyz tv0
           2.2500000000000000e+01   2.4300398000000001e-01   1.2413336500000000e+01 #xyz tv1
           2.2500000000000000e+01  -1.4660360310323972e-01   1.2140331033289238e+01 163 -1 #xyz tv2 fid bid
           2.2500000000000000e+01  -5.0909085423128636e-02   1.2024589501714836e+01 #xyz tv0
           2.2500000000000000e+01   2.4300398000000001e-01   1.2413336500000000e+01 #xyz tv1
           2.2500000000000000e+01  -1.4660360310323972e-01   1.2140331033289238e+01 320 -1 #xyz tv2 fid bid
           2.2500000000000000e+01  -5.0909085423128636e-02   1.2024589501714836e+01 #xyz ev0
           2.2500000000000000e+01  -1.4660360310323972e-01   1.2140331033289238e+01 -1 313 #xyz ev1 fid bid
   0   0.000000000000e+00   0.000000000000e+00   0.000000000000e+00 #flag location
END_ERR 
G3dErrFileVersion 2018P3.1
FlagFileMetaData Begin
   Mesh Size - Setup1, Refinement, Pass #1, Freq. 5.640000e+09 :Title    
   Listing of mesh elements with small segments. :ToolTip  
   hf3d :Author   
   1684633671 :TimeStamp
FlagFileMetaData End
BEGIN_ERR 
26 Small mesh segment detected on body : pecCap2
 Small mesh segment detected on body : pecCap2 
 Segment Statistics - Number of Segments : 1 --- Segment length(s) : 0.123882mm. The cutoff frequency for S-Matrix Only Solve is 3.15571008421053MHz 
3 -1  915  992  # nfids, fids[]
2 985  -1  # nbids, bids[]
      4 4 1 0 #ntets ntri ned npts
          -8.6090250999999995e-01   2.2500000000000000e+01   1.3860902509999999e+01 #xyz tv0
          -9.2972785499999999e-01   2.2500000000000000e+01   1.3757898095000000e+01 #xyz tv1
          -4.6943749999999740e-01   2.3000000000000000e+01   1.3558687500000005e+01 #xyz tv2
          -1.2727922100000000e+00   2.2500000000000000e+01   1.4272792210000000e+01 -1 985 #xyz tv3 fid bid
          -8.6090250999999995e-01   2.2500000000000000e+01   1.3860902509999999e+01 #xyz tv0
          -4.6943749999999740e-01   2.3000000000000000e+01   1.3558687500000005e+01 #xyz tv1
          -9.2972785499999999e-01   2.2500000000000000e+01   1.3757898095000000e+01 #xyz tv2
          -4.4901280999999998e-01   2.2500000000000000e+01   1.3449012809999999e+01 -1 985 #xyz tv3 fid bid
          -8.6090250999999995e-01   2.2500000000000000e+01   1.3860902509999999e+01 #xyz tv0
          -4.4901280999999998e-01   2.1692779014736836e+01   1.3449012809999999e+01 #xyz tv1
          -9.2972785499999999e-01   2.2500000000000000e+01   1.3757898095000000e+01 #xyz tv2
          -1.2727922100000000e+00   2.2500000000000000e+01   1.4272792210000000e+01 -1 985 #xyz tv3 fid bid
          -8.6090250999999995e-01   2.2500000000000000e+01   1.3860902509999999e+01 #xyz tv0
          -9.2972785499999999e-01   2.2500000000000000e+01   1.3757898095000000e+01 #xyz tv1
          -4.4901280999999998e-01   2.1692779014736836e+01   1.3449012809999999e+01 #xyz tv2
          -4.4901280999999998e-01   2.2500000000000000e+01   1.3449012809999999e+01 -1 985 #xyz tv3 fid bid
          -1.2727922100000000e+00   2.2500000000000000e+01   1.4272792210000000e+01 #xyz tv0
          -8.6090250999999995e-01   2.2500000000000000e+01   1.3860902509999999e+01 #xyz tv1
          -9.2972785499999999e-01   2.2500000000000000e+01   1.3757898095000000e+01 915 -1 #xyz tv2 fid bid
          -1.2727922100000000e+00   2.2500000000000000e+01   1.4272792210000000e+01 #xyz tv0
          -8.6090250999999995e-01   2.2500000000000000e+01   1.3860902509999999e+01 #xyz tv1
          -9.2972785499999999e-01   2.2500000000000000e+01   1.3757898095000000e+01 992 -1 #xyz tv2 fid bid
          -8.6090250999999995e-01   2.2500000000000000e+01   1.3860902509999999e+01 #xyz tv0
          -4.4901280999999998e-01   2.2500000000000000e+01   1.3449012809999999e+01 #xyz tv1
          -9.2972785499999999e-01   2.2500000000000000e+01   1.3757898095000000e+01 915 -1 #xyz tv2 fid bid
          -8.6090250999999995e-01   2.2500000000000000e+01   1.3860902509999999e+01 #xyz tv0
          -4.4901280999999998e-01   2.2500000000000000e+01   1.3449012809999999e+01 #xyz tv1
          -9.2972785499999999e-01   2.2500000000000000e+01   1.3757898095000000e+01 992 -1 #xyz tv2 fid bid
          -8.6090250999999995e-01   2.2500000000000000e+01   1.3860902509999999e+01 #xyz ev0
          -9.2972785499999999e-01   2.2500000000000000e+01   1.3757898095000000e+01 -1 985 #xyz ev1 fid bid
   0   0.000000000000e+00   0.000000000000e+00   0.000000000000e+00 #flag location
END_ERR 
G3dErrFileVersion 2018P3.1
FlagFileMetaData Begin
   Mesh Size - Setup1, Refinement, Pass #2, Freq. 5.640000e+09 :Title    
   Listing of mesh elements with small segments. :ToolTip  
   hf3d :Author   
   1684633674 :TimeStamp
FlagFileMetaData End
BEGIN_ERR 
26 Small mesh segment detected on body : pecCap1
 Small mesh segment detected on body : pecCap1 
 Segment Statistics - Number of Segments : 1 --- Segment length(s) : 0.123882mm. The cutoff frequency for S-Matrix Only Solve is 3.15571008421053MHz 
3 -1  163  320  # nfids, fids[]
2 313  -1  # nbids, bids[]
      4 4 1 0 #ntets ntri ned npts
           2.2500000000000000e+01  -8.6090250999999995e-01   1.2139097490000005e+01 #xyz tv0
           2.2500000000000000e+01  -9.2972785499999999e-01   1.2242101905000000e+01 #xyz tv1
           2.3000000000000000e+01  -1.6629831600000000e+00   1.2311169820000000e+01 #xyz tv2
           2.2500000000000000e+01  -1.2727922100000000e+00   1.1727207790000000e+01 -1 313 #xyz tv3 fid bid
           2.2500000000000000e+01  -8.6090250999999995e-01   1.2139097490000005e+01 #xyz tv0
           2.3000000000000000e+01  -1.6629831600000000e+00   1.2311169820000000e+01 #xyz tv1
           2.2500000000000000e+01  -9.2972785499999999e-01   1.2242101905000000e+01 #xyz tv2
           2.2500000000000000e+01  -4.4901280999999998e-01   1.2550987190000001e+01 -1 313 #xyz tv3 fid bid
           2.2500000000000000e+01  -8.6090250999999995e-01   1.2139097490000005e+01 #xyz tv0
           2.1031838610906327e+01  -5.8666350000000000e-01   1.2756996020000001e+01 #xyz tv1
           2.2500000000000000e+01  -9.2972785499999999e-01   1.2242101905000000e+01 #xyz tv2
           2.2500000000000000e+01  -1.2727922100000000e+00   1.1727207790000000e+01 -1 313 #xyz tv3 fid bid
           2.2500000000000000e+01  -8.6090250999999995e-01   1.2139097490000005e+01 #xyz tv0
           2.2500000000000000e+01  -9.2972785499999999e-01   1.2242101905000000e+01 #xyz tv1
           2.1031838610906327e+01  -5.8666350000000000e-01   1.2756996020000001e+01 #xyz tv2
           2.2500000000000000e+01  -4.4901280999999998e-01   1.2550987190000001e+01 -1 313 #xyz tv3 fid bid
           2.2500000000000000e+01  -1.2727922100000000e+00   1.1727207790000000e+01 #xyz tv0
           2.2500000000000000e+01  -8.6090250999999995e-01   1.2139097490000005e+01 #xyz tv1
           2.2500000000000000e+01  -9.2972785499999999e-01   1.2242101905000000e+01 163 -1 #xyz tv2 fid bid
           2.2500000000000000e+01  -1.2727922100000000e+00   1.1727207790000000e+01 #xyz tv0
           2.2500000000000000e+01  -8.6090250999999995e-01   1.2139097490000005e+01 #xyz tv1
           2.2500000000000000e+01  -9.2972785499999999e-01   1.2242101905000000e+01 320 -1 #xyz tv2 fid bid
           2.2500000000000000e+01  -8.6090250999999995e-01   1.2139097490000005e+01 #xyz tv0
           2.2500000000000000e+01  -4.4901280999999998e-01   1.2550987190000001e+01 #xyz tv1
           2.2500000000000000e+01  -9.2972785499999999e-01   1.2242101905000000e+01 163 -1 #xyz tv2 fid bid
           2.2500000000000000e+01  -8.6090250999999995e-01   1.2139097490000005e+01 #xyz tv0
           2.2500000000000000e+01  -4.4901280999999998e-01   1.2550987190000001e+01 #xyz tv1
           2.2500000000000000e+01  -9.2972785499999999e-01   1.2242101905000000e+01 320 -1 #xyz tv2 fid bid
           2.2500000000000000e+01  -8.6090250999999995e-01   1.2139097490000005e+01 #xyz ev0
           2.2500000000000000e+01  -9.2972785499999999e-01   1.2242101905000000e+01 -1 313 #xyz ev1 fid bid
   0   0.000000000000e+00   0.000000000000e+00   0.000000000000e+00 #flag location
END_ERR 
G3dErrFileVersion 2018P3.1
FlagFileMetaData Begin
   Mesh Size - Setup1, Refinement, Pass #3, Freq. 5.640000e+09 :Title    
   Listing of mesh elements with small segments. :ToolTip  
   hf3d :Author   
   1684633678 :TimeStamp
FlagFileMetaData End
BEGIN_ERR 
26 Small mesh segment detected on body : pecCap1
 Small mesh segment detected on body : pecCap1 
 Segment Statistics - Number of Segments : 1 --- Segment length(s) : 0.123882mm. The cutoff frequency for S-Matrix Only Solve is 3.15571008421053MHz 
3 -1  163  320  # nfids, fids[]
2 313  -1  # nbids, bids[]
      4 4 1 0 #ntets ntri ned npts
           2.2500000000000000e+01  -8.6090250999999995e-01   1.2139097490000006e+01 #xyz tv0
           2.2500000000000000e+01  -9.2972785499999999e-01   1.2242101905000000e+01 #xyz tv1
           2.3000000000000000e+01  -1.6629831600000000e+00   1.2311169820000000e+01 #xyz tv2
           2.2500000000000000e+01  -1.2727922100000000e+00   1.1727207790000000e+01 -1 313 #xyz tv3 fid bid
           2.2500000000000000e+01  -8.6090250999999995e-01   1.2139097490000006e+01 #xyz tv0
           2.3000000000000000e+01  -1.6629831600000000e+00   1.2311169820000000e+01 #xyz tv1
           2.2500000000000000e+01  -9.2972785499999999e-01   1.2242101905000000e+01 #xyz tv2
           2.2500000000000000e+01  -4.4901280999999998e-01   1.2550987190000001e+01 -1 313 #xyz tv3 fid bid
           2.2500000000000000e+01  -8.6090250999999995e-01   1.2139097490000006e+01 #xyz tv0
           2.1031838610906327e+01  -5.8666350000000000e-01   1.2756996020000001e+01 #xyz tv1
           2.2500000000000000e+01  -9.2972785499999999e-01   1.2242101905000000e+01 #xyz tv2
           2.2500000000000000e+01  -1.2727922100000000e+00   1.1727207790000000e+01 -1 313 #xyz tv3 fid bid
           2.2500000000000000e+01  -8.6090250999999995e-01   1.2139097490000006e+01 #xyz tv0
           2.2500000000000000e+01  -9.2972785499999999e-01   1.2242101905000000e+01 #xyz tv1
           2.1031838610906327e+01  -5.8666350000000000e-01   1.2756996020000001e+01 #xyz tv2
           2.2500000000000000e+01  -4.4901280999999998e-01   1.2550987190000001e+01 -1 313 #xyz tv3 fid bid
           2.2500000000000000e+01  -1.2727922100000000e+00   1.1727207790000000e+01 #xyz tv0
           2.2500000000000000e+01  -8.6090250999999995e-01   1.2139097490000006e+01 #xyz tv1
           2.2500000000000000e+01  -9.2972785499999999e-01   1.2242101905000000e+01 163 -1 #xyz tv2 fid bid
           2.2500000000000000e+01  -1.2727922100000000e+00   1.1727207790000000e+01 #xyz tv0
           2.2500000000000000e+01  -8.6090250999999995e-01   1.2139097490000006e+01 #xyz tv1
           2.2500000000000000e+01  -9.2972785499999999e-01   1.2242101905000000e+01 320 -1 #xyz tv2 fid bid
           2.2500000000000000e+01  -8.6090250999999995e-01   1.2139097490000006e+01 #xyz tv0
           2.2500000000000000e+01  -4.4901280999999998e-01   1.2550987190000001e+01 #xyz tv1
           2.2500000000000000e+01  -9.2972785499999999e-01   1.2242101905000000e+01 163 -1 #xyz tv2 fid bid
           2.2500000000000000e+01  -8.6090250999999995e-01   1.2139097490000006e+01 #xyz tv0
           2.2500000000000000e+01  -4.4901280999999998e-01   1.2550987190000001e+01 #xyz tv1
           2.2500000000000000e+01  -9.2972785499999999e-01   1.2242101905000000e+01 320 -1 #xyz tv2 fid bid
           2.2500000000000000e+01  -8.6090250999999995e-01   1.2139097490000006e+01 #xyz ev0
           2.2500000000000000e+01  -9.2972785499999999e-01   1.2242101905000000e+01 -1 313 #xyz ev1 fid bid
   0   0.000000000000e+00   0.000000000000e+00   0.000000000000e+00 #flag location
END_ERR 
G3dErrFileVersion 2018P3.1
FlagFileMetaData Begin
   Mesh Size - Setup1, Refinement, Pass #4, Freq. 5.640000e+09 :Title    
   Listing of mesh elements with small segments. :ToolTip  
   hf3d :Author   
   1684633681 :TimeStamp
FlagFileMetaData End
BEGIN_ERR 
26 Small mesh segment detected on body : pecCap1
 Small mesh segment detected on body : pecCap1 
 Segment Statistics - Number of Segments : 1 --- Segment length(s) : 0.149619mm. The cutoff frequency for S-Matrix Only Solve is 3.15571008421053MHz 
3 -1  163  320  # nfids, fids[]
2 313  -1  # nbids, bids[]
      4 4 1 0 #ntets ntri ned npts
           2.2500000000000000e+01  -4.8078141638008678e-02   1.2036672752000717e+01 #xyz tv0
           2.2500000000000000e+01  -1.2973856675516870e-01   1.2162041747894492e+01 #xyz tv1
           2.3000000000000000e+01   6.8883018000000007e-01   1.1337016840000000e+01 #xyz tv2
           2.2500000000000000e+01  -4.2794118580184171e-01   1.1763407397371559e+01 -1 313 #xyz tv3 fid bid
           2.2500000000000000e+01  -4.8078141638008678e-02   1.2036672752000717e+01 #xyz tv0
           2.3000000000000000e+01   6.8883018000000007e-01   1.1337016840000000e+01 #xyz tv1
           2.2500000000000000e+01  -1.2973856675516870e-01   1.2162041747894492e+01 #xyz tv2
           2.2500000000000000e+01   2.4300398000000001e-01   1.2413336500000000e+01 -1 313 #xyz tv3 fid bid
           2.2500000000000000e+01  -4.8078141638008678e-02   1.2036672752000717e+01 #xyz tv0
           2.1556491200000004e+01  -6.8883018000000007e-01   1.1337016840000000e+01 #xyz tv1
           2.2500000000000000e+01  -1.2973856675516870e-01   1.2162041747894492e+01 #xyz tv2
           2.2500000000000000e+01  -4.2794118580184171e-01   1.1763407397371559e+01 -1 313 #xyz tv3 fid bid
           2.2500000000000000e+01  -4.8078141638008678e-02   1.2036672752000717e+01 #xyz tv0
           2.2500000000000000e+01  -1.2973856675516870e-01   1.2162041747894492e+01 #xyz tv1
           2.1556491200000004e+01  -6.8883018000000007e-01   1.1337016840000000e+01 #xyz tv2
           2.2500000000000000e+01   2.4300398000000001e-01   1.2413336500000000e+01 -1 313 #xyz tv3 fid bid
           2.2500000000000000e+01  -4.2794118580184171e-01   1.1763407397371559e+01 #xyz tv0
           2.2500000000000000e+01  -4.8078141638008678e-02   1.2036672752000717e+01 #xyz tv1
           2.2500000000000000e+01  -1.2973856675516870e-01   1.2162041747894492e+01 163 -1 #xyz tv2 fid bid
           2.2500000000000000e+01  -4.2794118580184171e-01   1.1763407397371559e+01 #xyz tv0
           2.2500000000000000e+01  -4.8078141638008678e-02   1.2036672752000717e+01 #xyz tv1
           2.2500000000000000e+01  -1.2973856675516870e-01   1.2162041747894492e+01 320 -1 #xyz tv2 fid bid
           2.2500000000000000e+01  -4.8078141638008678e-02   1.2036672752000717e+01 #xyz tv0
           2.2500000000000000e+01   2.4300398000000001e-01   1.2413336500000000e+01 #xyz tv1
           2.2500000000000000e+01  -1.2973856675516870e-01   1.2162041747894492e+01 163 -1 #xyz tv2 fid bid
           2.2500000000000000e+01  -4.8078141638008678e-02   1.2036672752000717e+01 #xyz tv0
           2.2500000000000000e+01   2.4300398000000001e-01   1.2413336500000000e+01 #xyz tv1
           2.2500000000000000e+01  -1.2973856675516870e-01   1.2162041747894492e+01 320 -1 #xyz tv2 fid bid
           2.2500000000000000e+01  -4.8078141638008678e-02   1.2036672752000717e+01 #xyz ev0
           2.2500000000000000e+01  -1.2973856675516870e-01   1.2162041747894492e+01 -1 313 #xyz ev1 fid bid
   0   0.000000000000e+00   0.000000000000e+00   0.000000000000e+00 #flag location
END_ERR 
G3dErrFileVersion 2018P3.1
FlagFileMetaData Begin
   Mesh Size - Setup1, Refinement, Pass #5, Freq. 5.640000e+09 :Title    
   Listing of mesh elements with small segments. :ToolTip  
   hf3d :Author   
   1684633685 :TimeStamp
FlagFileMetaData End
BEGIN_ERR 
26 Small mesh segment detected on body : pecCap1
 Small mesh segment detected on body : pecCap1 
 Segment Statistics - Number of Segments : 1 --- Segment length(s) : 0.149619mm. The cutoff frequency for S-Matrix Only Solve is 3.15571008421053MHz 
3 -1  163  320  # nfids, fids[]
2 313  -1  # nbids, bids[]
      5 4 1 0 #ntets ntri ned npts
           2.2500000000000000e+01  -4.8078141638008678e-02   1.2036672752000717e+01 #xyz tv0
           2.2500000000000000e+01   0.0000000000000000e+00   1.2365000000000000e+01 #xyz tv1
           2.3000000000000000e+01   6.8883018000000007e-01   1.1337016840000000e+01 #xyz tv2
           2.2500000000000000e+01  -1.2973856675516870e-01   1.2162041747894492e+01 -1 313 #xyz tv3 fid bid
           2.2500000000000000e+01  -4.8078141638008678e-02   1.2036672752000717e+01 #xyz tv0
           2.2500000000000000e+01  -1.2973856675516870e-01   1.2162041747894492e+01 #xyz tv1
           2.3000000000000000e+01   6.8883018000000007e-01   1.1337016840000000e+01 #xyz tv2
           2.2500000000000000e+01  -4.2794118580184171e-01   1.1763407397371559e+01 -1 313 #xyz tv3 fid bid
           2.2500000000000000e+01  -4.8078141638008678e-02   1.2036672752000717e+01 #xyz tv0
           2.1872075915870759e+01   3.0558814738144233e-02   1.1912395252546148e+01 #xyz tv1
           2.2500000000000000e+01   0.0000000000000000e+00   1.2365000000000000e+01 #xyz tv2
           2.2500000000000000e+01  -1.2973856675516870e-01   1.2162041747894492e+01 -1 313 #xyz tv3 fid bid
           2.2500000000000000e+01  -4.8078141638008678e-02   1.2036672752000717e+01 #xyz tv0
           2.1556491200000004e+01  -6.8883018000000007e-01   1.1337016840000000e+01 #xyz tv1
           2.2500000000000000e+01  -1.2973856675516870e-01   1.2162041747894492e+01 #xyz tv2
           2.2500000000000000e+01  -4.2794118580184171e-01   1.1763407397371559e+01 -1 313 #xyz tv3 fid bid
           2.1872075915870759e+01   3.0558814738144233e-02   1.1912395252546148e+01 #xyz tv0
           2.2500000000000000e+01  -1.2973856675516870e-01   1.2162041747894492e+01 #xyz tv1
           2.2500000000000000e+01  -4.8078141638008678e-02   1.2036672752000717e+01 #xyz tv2
           2.1556491200000004e+01  -6.8883018000000007e-01   1.1337016840000000e+01 -1 313 #xyz tv3 fid bid
           2.2500000000000000e+01  -4.2794118580184171e-01   1.1763407397371559e+01 #xyz tv0
           2.2500000000000000e+01  -4.8078141638008678e-02   1.2036672752000717e+01 #xyz tv1
           2.2500000000000000e+01  -1.2973856675516870e-01   1.2162041747894492e+01 163 -1 #xyz tv2 fid bid
           2.2500000000000000e+01  -4.2794118580184171e-01   1.1763407397371559e+01 #xyz tv0
           2.2500000000000000e+01  -4.8078141638008678e-02   1.2036672752000717e+01 #xyz tv1
           2.2500000000000000e+01  -1.2973856675516870e-01   1.2162041747894492e+01 320 -1 #xyz tv2 fid bid
           2.2500000000000000e+01  -4.8078141638008678e-02   1.2036672752000717e+01 #xyz tv0
           2.2500000000000000e+01   0.0000000000000000e+00   1.2365000000000000e+01 #xyz tv1
           2.2500000000000000e+01  -1.2973856675516870e-01   1.2162041747894492e+01 163 -1 #xyz tv2 fid bid
           2.2500000000000000e+01  -4.8078141638008678e-02   1.2036672752000717e+01 #xyz tv0
