G3dErrFileVersion 2018P3.1
FlagFileMetaData Begin
   Mesh Size - Setup1, Refinement, Pass #1, Freq. 5.640000e+09 :Title    
   Listing of mesh elements with small segments. :ToolTip  
   hf3d :Author   
   1684628959 :TimeStamp
FlagFileMetaData End
BEGIN_ERR 
26 Small mesh segment detected on body : sma_dieletric
 Small mesh segment detected on body : sma_dieletric 
 Segment Statistics - Number of Segments : 1 --- Segment length(s) : 0.099922mm. The cutoff frequency for S-Matrix Only Solve is 399.723277333333kHz 
3 -1  210  192  # nfids, fids[]
2 160  -1  # nbids, bids[]
      7 4 1 0 #ntets ntri ned npts
           2.2500000000000000e+01  -1.7220754500000002e-01   1.3891995789999999e+01 #xyz tv0
           2.2400077957422717e+01  -2.4300397999999998e-01   1.3586663500000000e+01 #xyz tv1
           2.2500000000000000e+01  -2.4300397999999998e-01   1.3586663500000000e+01 #xyz tv2
           2.2500000000000000e+01   0.0000000000000000e+00   1.3634999999999998e+01 -1 160 #xyz tv3 fid bid
           2.2500000000000000e+01  -1.7220754500000002e-01   1.3891995789999999e+01 #xyz tv0
           2.2500000000000000e+01  -2.4300397999999998e-01   1.3586663500000000e+01 #xyz tv1
           2.2400077957422717e+01  -2.4300397999999998e-01   1.3586663500000000e+01 #xyz tv2
           2.2500000000000000e+01  -3.4441509000000003e-01   1.4148991579999999e+01 -1 160 #xyz tv3 fid bid
           2.2500000000000000e+01  -2.4300397999999998e-01   1.3586663500000000e+01 #xyz tv0
           2.2400077957422717e+01  -2.4300397999999998e-01   1.3586663500000000e+01 #xyz tv1
           2.2500000000000000e+01   2.4300397999999998e-01   1.3586663500000000e+01 #xyz tv2
           2.2500000000000000e+01   0.0000000000000000e+00   1.3634999999999998e+01 -1 160 #xyz tv3 fid bid
           2.2500000000000000e+01  -3.4441509000000003e-01   1.4148991579999999e+01 #xyz tv0
           2.2400077957422717e+01  -2.4300397999999998e-01   1.3586663500000000e+01 #xyz tv1
           2.2500000000000000e+01  -4.4901280999999998e-01   1.3449012809999997e+01 #xyz tv2
           2.2500000000000000e+01  -2.4300397999999998e-01   1.3586663500000000e+01 -1 160 #xyz tv3 fid bid
           2.2500000000000000e+01  -2.4300397999999998e-01   1.3586663500000000e+01 #xyz tv0
           2.2500000000000000e+01   2.4300397999999998e-01   1.3586663500000000e+01 #xyz tv1
           2.2400077957422717e+01  -2.4300397999999998e-01   1.3586663500000000e+01 #xyz tv2
           2.2500000000000000e+01   5.8666350000000000e-01   1.3243003979999999e+01 -1 160 #xyz tv3 fid bid
           2.2500000000000000e+01  -2.4300397999999998e-01   1.3586663500000000e+01 #xyz tv0
           2.2500000000000000e+01  -5.8666350000000000e-01   1.3243003979999999e+01 #xyz tv1
           2.2400077957422717e+01  -2.4300397999999998e-01   1.3586663500000000e+01 #xyz tv2
           2.2500000000000000e+01  -4.4901280999999998e-01   1.3449012809999997e+01 -1 160 #xyz tv3 fid bid
           2.2500000000000000e+01  -2.4300397999999998e-01   1.3586663500000000e+01 #xyz tv0
           2.2400077957422717e+01  -2.4300397999999998e-01   1.3586663500000000e+01 #xyz tv1
           2.2500000000000000e+01  -5.8666350000000000e-01   1.3243003979999999e+01 #xyz tv2
           2.2500000000000000e+01   5.8666350000000000e-01   1.3243003979999999e+01 -1 160 #xyz tv3 fid bid
           2.2500000000000000e+01   0.0000000000000000e+00   1.3634999999999998e+01 #xyz tv0
           2.2500000000000000e+01  -2.4300397999999998e-01   1.3586663500000000e+01 #xyz tv1
           2.2400077957422717e+01  -2.4300397999999998e-01   1.3586663500000000e+01 210 -1 #xyz tv2 fid bid
           2.2500000000000000e+01   0.0000000000000000e+00   1.3634999999999998e+01 #xyz tv0
           2.2500000000000000e+01  -2.4300397999999998e-01   1.3586663500000000e+01 #xyz tv1
           2.2400077957422717e+01  -2.4300397999999998e-01   1.3586663500000000e+01 192 -1 #xyz tv2 fid bid
           2.2500000000000000e+01  -4.4901280999999998e-01   1.3449012809999997e+01 #xyz tv0
           2.2400077957422717e+01  -2.4300397999999998e-01   1.3586663500000000e+01 #xyz tv1
           2.2500000000000000e+01  -2.4300397999999998e-01   1.3586663500000000e+01 210 -1 #xyz tv2 fid bid
           2.2500000000000000e+01  -4.4901280999999998e-01   1.3449012809999997e+01 #xyz tv0
           2.2400077957422717e+01  -2.4300397999999998e-01   1.3586663500000000e+01 #xyz tv1
           2.2500000000000000e+01  -2.4300397999999998e-01   1.3586663500000000e+01 192 -1 #xyz tv2 fid bid
           2.2500000000000000e+01  -2.4300397999999998e-01   1.3586663500000000e+01 #xyz ev0
           2.2400077957422717e+01  -2.4300397999999998e-01   1.3586663500000000e+01 -1 160 #xyz ev1 fid bid
   0   0.000000000000e+00   0.000000000000e+00   0.000000000000e+00 #flag location
END_ERR 
G3dErrFileVersion 2018P3.1
FlagFileMetaData Begin
   Mesh Size - Setup1, Refinement, Pass #2, Freq. 5.640000e+09 :Title    
   Listing of mesh elements with small segments. :ToolTip  
   hf3d :Author   
   1684628962 :TimeStamp
FlagFileMetaData End
BEGIN_ERR 
26 Small mesh segment detected on body : sma_dieletric
 Small mesh segment detected on body : sma_dieletric 
 Segment Statistics - Number of Segments : 1 --- Segment length(s) : 0.099922mm. The cutoff frequency for S-Matrix Only Solve is 399.723277333333kHz 
3 -1  210  192  # nfids, fids[]
2 160  -1  # nbids, bids[]
      7 4 1 0 #ntets ntri ned npts
           2.2500000000000000e+01  -1.3495574687185646e-01   1.3865886049619627e+01 #xyz tv0
           2.2400077957422717e+01  -2.4300397999999998e-01   1.3586663500000000e+01 #xyz tv1
           2.2500000000000000e+01  -2.4300397999999998e-01   1.3586663500000000e+01 #xyz tv2
           2.2500000000000000e+01   0.0000000000000000e+00   1.3634999999999998e+01 -1 160 #xyz tv3 fid bid
           2.2500000000000000e+01  -1.3495574687185646e-01   1.3865886049619627e+01 #xyz tv0
           2.2500000000000000e+01  -2.4300397999999998e-01   1.3586663500000000e+01 #xyz tv1
           2.2400077957422717e+01  -2.4300397999999998e-01   1.3586663500000000e+01 #xyz tv2
           2.2500000000000000e+01  -3.1493332436042532e-01   1.4122448805111452e+01 -1 160 #xyz tv3 fid bid
           2.2500000000000000e+01  -2.4300397999999998e-01   1.3586663500000000e+01 #xyz tv0
           2.2400077957422717e+01  -2.4300397999999998e-01   1.3586663500000000e+01 #xyz tv1
           2.2500000000000000e+01   2.4300397999999998e-01   1.3586663500000000e+01 #xyz tv2
           2.2500000000000000e+01   0.0000000000000000e+00   1.3634999999999998e+01 -1 160 #xyz tv3 fid bid
           2.2500000000000000e+01  -3.1493332436042532e-01   1.4122448805111452e+01 #xyz tv0
           2.2400077957422717e+01  -2.4300397999999998e-01   1.3586663500000000e+01 #xyz tv1
           2.2500000000000000e+01  -4.4901280999999998e-01   1.3449012809999997e+01 #xyz tv2
           2.2500000000000000e+01  -2.4300397999999998e-01   1.3586663500000000e+01 -1 160 #xyz tv3 fid bid
           2.2500000000000000e+01  -2.4300397999999998e-01   1.3586663500000000e+01 #xyz tv0
           2.2500000000000000e+01   2.4300397999999998e-01   1.3586663500000000e+01 #xyz tv1
           2.2400077957422717e+01  -2.4300397999999998e-01   1.3586663500000000e+01 #xyz tv2
           2.2500000000000000e+01   5.8666350000000000e-01   1.3243003979999999e+01 -1 160 #xyz tv3 fid bid
           2.2500000000000000e+01  -2.4300397999999998e-01   1.3586663500000000e+01 #xyz tv0
           2.2500000000000000e+01  -5.8666350000000000e-01   1.3243003979999999e+01 #xyz tv1
           2.2400077957422717e+01  -2.4300397999999998e-01   1.3586663500000000e+01 #xyz tv2
           2.2500000000000000e+01  -4.4901280999999998e-01   1.3449012809999997e+01 -1 160 #xyz tv3 fid bid
           2.2500000000000000e+01  -2.4300397999999998e-01   1.3586663500000000e+01 #xyz tv0
           2.2400077957422717e+01  -2.4300397999999998e-01   1.3586663500000000e+01 #xyz tv1
           2.2500000000000000e+01  -5.8666350000000000e-01   1.3243003979999999e+01 #xyz tv2
           2.2500000000000000e+01   5.8666350000000000e-01   1.3243003979999999e+01 -1 160 #xyz tv3 fid bid
           2.2500000000000000e+01   0.0000000000000000e+00   1.3634999999999998e+01 #xyz tv0
           2.2500000000000000e+01  -2.4300397999999998e-01   1.3586663500000000e+01 #xyz tv1
           2.2400077957422717e+01  -2.4300397999999998e-01   1.3586663500000000e+01 210 -1 #xyz tv2 fid bid
           2.2500000000000000e+01   0.0000000000000000e+00   1.3634999999999998e+01 #xyz tv0
           2.2500000000000000e+01  -2.4300397999999998e-01   1.3586663500000000e+01 #xyz tv1
           2.2400077957422717e+01  -2.4300397999999998e-01   1.3586663500000000e+01 192 -1 #xyz tv2 fid bid
           2.2500000000000000e+01  -4.4901280999999998e-01   1.3449012809999997e+01 #xyz tv0
           2.2400077957422717e+01  -2.4300397999999998e-01   1.3586663500000000e+01 #xyz tv1
           2.2500000000000000e+01  -2.4300397999999998e-01   1.3586663500000000e+01 210 -1 #xyz tv2 fid bid
           2.2500000000000000e+01  -4.4901280999999998e-01   1.3449012809999997e+01 #xyz tv0
           2.2400077957422717e+01  -2.4300397999999998e-01   1.3586663500000000e+01 #xyz tv1
           2.2500000000000000e+01  -2.4300397999999998e-01   1.3586663500000000e+01 192 -1 #xyz tv2 fid bid
           2.2500000000000000e+01  -2.4300397999999998e-01   1.3586663500000000e+01 #xyz ev0
           2.2400077957422717e+01  -2.4300397999999998e-01   1.3586663500000000e+01 -1 160 #xyz ev1 fid bid
   0   0.000000000000e+00   0.000000000000e+00   0.000000000000e+00 #flag location
END_ERR 
G3dErrFileVersion 2018P3.1
FlagFileMetaData Begin
   Mesh Size - Setup1, Refinement, Pass #3, Freq. 5.640000e+09 :Title    
   Listing of mesh elements with small segments. :ToolTip  
   hf3d :Author   
   1684628964 :TimeStamp
FlagFileMetaData End
BEGIN_ERR 
26 Small mesh segment detected on body : sma_dieletric
 Small mesh segment detected on body : sma_dieletric 
 Segment Statistics - Number of Segments : 1 --- Segment length(s) : 0.099922mm. The cutoff frequency for S-Matrix Only Solve is 399.723277333333kHz 
3 -1  210  192  # nfids, fids[]
2 160  -1  # nbids, bids[]
      7 4 1 0 #ntets ntri ned npts
           2.2500000000000000e+01  -1.1777787123004330e-01   1.3851668927173506e+01 #xyz tv0
           2.2400077957422717e+01  -2.4300397999999998e-01   1.3586663500000000e+01 #xyz tv1
           2.2500000000000000e+01  -2.4300397999999998e-01   1.3586663500000000e+01 #xyz tv2
           2.2500000000000000e+01   0.0000000000000000e+00   1.3634999999999998e+01 -1 160 #xyz tv3 fid bid
           2.2500000000000000e+01  -1.1777787123004330e-01   1.3851668927173506e+01 #xyz tv0
           2.2500000000000000e+01  -2.4300397999999998e-01   1.3586663500000000e+01 #xyz tv1
           2.2400077957422717e+01  -2.4300397999999998e-01   1.3586663500000000e+01 #xyz tv2
           2.2500000000000000e+01  -2.9992580204930674e-01   1.4109305046961090e+01 -1 160 #xyz tv3 fid bid
           2.2500000000000000e+01  -2.4300397999999998e-01   1.3586663500000000e+01 #xyz tv0
           2.2400077957422717e+01  -2.4300397999999998e-01   1.3586663500000000e+01 #xyz tv1
           2.2500000000000000e+01   2.4300397999999998e-01   1.3586663500000000e+01 #xyz tv2
           2.2500000000000000e+01   0.0000000000000000e+00   1.3634999999999998e+01 -1 160 #xyz tv3 fid bid
           2.2500000000000000e+01  -2.9992580204930674e-01   1.4109305046961090e+01 #xyz tv0
           2.2400077957422717e+01  -2.4300397999999998e-01   1.3586663500000000e+01 #xyz tv1
           2.2500000000000000e+01  -4.4901280999999998e-01   1.3449012809999997e+01 #xyz tv2
           2.2500000000000000e+01  -2.4300397999999998e-01   1.3586663500000000e+01 -1 160 #xyz tv3 fid bid
           2.2500000000000000e+01  -2.4300397999999998e-01   1.3586663500000000e+01 #xyz tv0
           2.2500000000000000e+01   2.4300397999999998e-01   1.3586663500000000e+01 #xyz tv1
           2.2400077957422717e+01  -2.4300397999999998e-01   1.3586663500000000e+01 #xyz tv2
           2.2500000000000000e+01   5.8666350000000000e-01   1.3243003979999999e+01 -1 160 #xyz tv3 fid bid
           2.2500000000000000e+01  -2.4300397999999998e-01   1.3586663500000000e+01 #xyz tv0
           2.2500000000000000e+01  -5.8666350000000000e-01   1.3243003979999999e+01 #xyz tv1
           2.2400077957422717e+01  -2.4300397999999998e-01   1.3586663500000000e+01 #xyz tv2
           2.2500000000000000e+01  -4.4901280999999998e-01   1.3449012809999997e+01 -1 160 #xyz tv3 fid bid
           2.2500000000000000e+01  -2.4300397999999998e-01   1.3586663500000000e+01 #xyz tv0
           2.2400077957422717e+01  -2.4300397999999998e-01   1.3586663500000000e+01 #xyz tv1
           2.2500000000000000e+01  -5.8666350000000000e-01   1.3243003979999999e+01 #xyz tv2
           2.2500000000000000e+01   5.8666350000000000e-01   1.3243003979999999e+01 -1 160 #xyz tv3 fid bid
           2.2500000000000000e+01   0.0000000000000000e+00   1.3634999999999998e+01 #xyz tv0
           2.2500000000000000e+01  -2.4300397999999998e-01   1.3586663500000000e+01 #xyz tv1
           2.2400077957422717e+01  -2.4300397999999998e-01   1.3586663500000000e+01 210 -1 #xyz tv2 fid bid
           2.2500000000000000e+01   0.0000000000000000e+00   1.3634999999999998e+01 #xyz tv0
           2.2500000000000000e+01  -2.4300397999999998e-01   1.3586663500000000e+01 #xyz tv1
           2.2400077957422717e+01  -2.4300397999999998e-01   1.3586663500000000e+01 192 -1 #xyz tv2 fid bid
           2.2500000000000000e+01  -4.4901280999999998e-01   1.3449012809999997e+01 #xyz tv0
           2.2400077957422717e+01  -2.4300397999999998e-01   1.3586663500000000e+01 #xyz tv1
           2.2500000000000000e+01  -2.4300397999999998e-01   1.3586663500000000e+01 210 -1 #xyz tv2 fid bid
           2.2500000000000000e+01  -4.4901280999999998e-01   1.3449012809999997e+01 #xyz tv0
           2.2400077957422717e+01  -2.4300397999999998e-01   1.3586663500000000e+01 #xyz tv1
           2.2500000000000000e+01  -2.4300397999999998e-01   1.3586663500000000e+01 192 -1 #xyz tv2 fid bid
           2.2500000000000000e+01  -2.4300397999999998e-01   1.3586663500000000e+01 #xyz ev0
           2.2400077957422717e+01  -2.4300397999999998e-01   1.3586663500000000e+01 -1 160 #xyz ev1 fid bid
   0   0.000000000000e+00   0.000000000000e+00   0.000000000000e+00 #flag location
END_ERR 
G3dErrFileVersion 2018P3.1
FlagFileMetaData Begin
   Mesh Size - Setup1, Refinement, Pass #4, Freq. 5.640000e+09 :Title    
   Listing of mesh elements with small segments. :ToolTip  
   hf3d :Author   
   1684628967 :TimeStamp
FlagFileMetaData End
BEGIN_ERR 
26 Small mesh segment detected on body : sma_dieletric
 Small mesh segment detected on body : sma_dieletric 
 Segment Statistics - Number of Segments : 1 --- Segment length(s) : 0.099922mm. The cutoff frequency for S-Matrix Only Solve is 399.723277333333kHz 
3 -1  210  192  # nfids, fids[]
2 160  -1  # nbids, bids[]
      7 4 1 0 #ntets ntri ned npts
           2.2500000000000000e+01  -1.1036102326291330e-01   1.3843818935745258e+01 #xyz tv0
           2.2400077957422717e+01  -2.4300397999999998e-01   1.3586663500000000e+01 #xyz tv1
           2.2500000000000000e+01  -2.4300397999999998e-01   1.3586663500000000e+01 #xyz tv2
           2.2500000000000000e+01   0.0000000000000000e+00   1.3634999999999998e+01 -1 160 #xyz tv3 fid bid
           2.2500000000000000e+01  -1.1036102326291330e-01   1.3843818935745258e+01 #xyz tv0
           2.2500000000000000e+01  -2.4300397999999998e-01   1.3586663500000000e+01 #xyz tv1
           2.2400077957422717e+01  -2.4300397999999998e-01   1.3586663500000000e+01 #xyz tv2
           2.2500000000000000e+01  -2.9471909052965983e-01   1.4101110465913376e+01 -1 160 #xyz tv3 fid bid
           2.2500000000000000e+01  -2.4300397999999998e-01   1.3586663500000000e+01 #xyz tv0
           2.2400077957422717e+01  -2.4300397999999998e-01   1.3586663500000000e+01 #xyz tv1
           2.2500000000000000e+01   2.4300397999999998e-01   1.3586663500000000e+01 #xyz tv2
           2.2500000000000000e+01   0.0000000000000000e+00   1.3634999999999998e+01 -1 160 #xyz tv3 fid bid
           2.2500000000000000e+01  -2.9471909052965983e-01   1.4101110465913376e+01 #xyz tv0
           2.2400077957422717e+01  -2.4300397999999998e-01   1.3586663500000000e+01 #xyz tv1
           2.2500000000000000e+01  -4.4901280999999998e-01   1.3449012809999997e+01 #xyz tv2
           2.2500000000000000e+01  -2.4300397999999998e-01   1.3586663500000000e+01 -1 160 #xyz tv3 fid bid
           2.2500000000000000e+01  -2.4300397999999998e-01   1.3586663500000000e+01 #xyz tv0
           2.2500000000000000e+01   2.4300397999999998e-01   1.3586663500000000e+01 #xyz tv1
           2.2400077957422717e+01  -2.4300397999999998e-01   1.3586663500000000e+01 #xyz tv2
           2.2500000000000000e+01   5.8666350000000000e-01   1.3243003979999999e+01 -1 160 #xyz tv3 fid bid
           2.2500000000000000e+01  -2.4300397999999998e-01   1.3586663500000000e+01 #xyz tv0
           2.2500000000000000e+01  -5.8666350000000000e-01   1.3243003979999999e+01 #xyz tv1
           2.2400077957422717e+01  -2.4300397999999998e-01   1.3586663500000000e+01 #xyz tv2
           2.2500000000000000e+01  -4.4901280999999998e-01   1.3449012809999997e+01 -1 160 #xyz tv3 fid bid
           2.2500000000000000e+01  -2.4300397999999998e-01   1.3586663500000000e+01 #xyz tv0
           2.2400077957422717e+01  -2.4300397999999998e-01   1.3586663500000000e+01 #xyz tv1
           2.2500000000000000e+01  -5.8666350000000000e-01   1.3243003979999999e+01 #xyz tv2
           2.2500000000000000e+01   5.8666350000000000e-01   1.3243003979999999e+01 -1 160 #xyz tv3 fid bid
           2.2500000000000000e+01   0.0000000000000000e+00   1.3634999999999998e+01 #xyz tv0
           2.2500000000000000e+01  -2.4300397999999998e-01   1.3586663500000000e+01 #xyz tv1
           2.2400077957422717e+01  -2.4300397999999998e-01   1.3586663500000000e+01 210 -1 #xyz tv2 fid bid
           2.2500000000000000e+01   0.0000000000000000e+00   1.3634999999999998e+01 #xyz tv0
           2.2500000000000000e+01  -2.4300397999999998e-01   1.3586663500000000e+01 #xyz tv1
           2.2400077957422717e+01  -2.4300397999999998e-01   1.3586663500000000e+01 192 -1 #xyz tv2 fid bid
           2.2500000000000000e+01  -4.4901280999999998e-01   1.3449012809999997e+01 #xyz tv0
           2.2400077957422717e+01  -2.4300397999999998e-01   1.3586663500000000e+01 #xyz tv1
           2.2500000000000000e+01  -2.4300397999999998e-01   1.3586663500000000e+01 210 -1 #xyz tv2 fid bid
           2.2500000000000000e+01  -4.4901280999999998e-01   1.3449012809999997e+01 #xyz tv0
           2.2400077957422717e+01  -2.4300397999999998e-01   1.3586663500000000e+01 #xyz tv1
           2.2500000000000000e+01  -2.4300397999999998e-01   1.3586663500000000e+01 192 -1 #xyz tv2 fid bid
           2.2500000000000000e+01  -2.4300397999999998e-01   1.3586663500000000e+01 #xyz ev0
           2.2400077957422717e+01  -2.4300397999999998e-01   1.3586663500000000e+01 -1 160 #xyz ev1 fid bid
   0   0.000000000000e+00   0.000000000000e+00   0.000000000000e+00 #flag location
END_ERR 
G3dErrFileVersion 2018P3.1
FlagFileMetaData Begin
   Mesh Size - Setup1, Refinement, Pass #5, Freq. 5.640000e+09 :Title    
   Listing of mesh elements with small segments. :ToolTip  
   hf3d :Author   
   1684628970 :TimeStamp
FlagFileMetaData End
BEGIN_ERR 
26 Small mesh segment detected on body : sma_dieletric
 Small mesh segment detected on body : sma_dieletric 
 Segment Statistics - Number of Segments : 1 --- Segment length(s) : 0.099922mm. The cutoff frequency for S-Matrix Only Solve is 399.723277333333kHz 
3 -1  210  192  # nfids, fids[]
2 160  -1  # nbids, bids[]
      7 4 1 0 #ntets ntri ned npts
           2.2500000000000000e+01  -1.0823036774765785e-01   1.3841348477219670e+01 #xyz tv0
           2.2400077957422717e+01  -2.4300397999999998e-01   1.3586663500000000e+01 #xyz tv1
           2.2500000000000000e+01  -2.4300397999999998e-01   1.3586663500000000e+01 #xyz tv2
           2.2500000000000000e+01   0.0000000000000000e+00   1.3634999999999998e+01 -1 160 #xyz tv3 fid bid
           2.2500000000000000e+01  -1.0823036774765785e-01   1.3841348477219670e+01 #xyz tv0
           2.2500000000000000e+01  -2.4300397999999998e-01   1.3586663500000000e+01 #xyz tv1
           2.2400077957422717e+01  -2.4300397999999998e-01   1.3586663500000000e+01 #xyz tv2
           2.2500000000000000e+01  -2.9265926796337294e-01   1.4096227412835075e+01 -1 160 #xyz tv3 fid bid
           2.2500000000000000e+01  -2.4300397999999998e-01   1.3586663500000000e+01 #xyz tv0
           2.2400077957422717e+01  -2.4300397999999998e-01   1.3586663500000000e+01 #xyz tv1
           2.2500000000000000e+01   2.4300397999999998e-01   1.3586663500000000e+01 #xyz tv2
           2.2500000000000000e+01   0.0000000000000000e+00   1.3634999999999998e+01 -1 160 #xyz tv3 fid bid
           2.2500000000000000e+01  -2.9265926796337294e-01   1.4096227412835075e+01 #xyz tv0
           2.2400077957422717e+01  -2.4300397999999998e-01   1.3586663500000000e+01 #xyz tv1
           2.2500000000000000e+01  -4.4901280999999998e-01   1.3449012809999997e+01 #xyz tv2
           2.2500000000000000e+01  -2.4300397999999998e-01   1.3586663500000000e+01 -1 160 #xyz tv3 fid bid
           2.2500000000000000e+01  -2.4300397999999998e-01   1.3586663500000000e+01 #xyz tv0
           2.2500000000000000e+01   2.4300397999999998e-01   1.3586663500000000e+01 #xyz tv1
           2.2400077957422717e+01  -2.4300397999999998e-01   1.3586663500000000e+01 #xyz tv2
           2.2500000000000000e+01   5.8666350000000000e-01   1.3243003979999999e+01 -1 160 #xyz tv3 fid bid
           2.2500000000000000e+01  -2.4300397999999998e-01   1.3586663500000000e+01 #xyz tv0
           2.2500000000000000e+01  -5.8666350000000000e-01   1.3243003979999999e+01 #xyz tv1
           2.2400077957422717e+01  -2.4300397999999998e-01   1.3586663500000000e+01 #xyz tv2
           2.2500000000000000e+01  -4.4901280999999998e-01   1.3449012809999997e+01 -1 160 #xyz tv3 fid bid
           2.2500000000000000e+01  -2.4300397999999998e-01   1.3586663500000000e+01 #xyz tv0
           2.2400077957422717e+01  -2.4300397999999998e-01   1.3586663500000000e+01 #xyz tv1
           2.2500000000000000e+01  -5.8666350000000000e-01   1.3243003979999999e+01 #xyz tv2
           2.2500000000000000e+01   5.8666350000000000e-01   1.3243003979999999e+01 -1 160 #xyz tv3 fid bid
           2.2500000000000000e+01   0.0000000000000000e+00   1.3634999999999998e+01 #xyz tv0
           2.2500000000000000e+01  -2.4300397999999998e-01   1.3586663500000000e+01 #xyz tv1
           2.2400077957422717e+01  -2.4300397999999998e-01   1.3586663500000000e+01 210 -1 #xyz tv2 fid bid
           2.2500000000000000e+01   0.0000000000000000e+00   1.3634999999999998e+01 #xyz tv0
           2.2500000000000000e+01  -2.4300397999999998e-01   1.3586663500000000e+01 #xyz tv1
           2.2400077957422717e+01  -2.4300397999999998e-01   1.3586663500000000e+01 192 -1 #xyz tv2 fid bid
           2.2500000000000000e+01  -4.4901280999999998e-01   1.3449012809999997e+01 #xyz tv0
           2.2400077957422717e+01  -2.4300397999999998e-01   1.3586663500000000e+01 #xyz tv1
           2.2500000000000000e+01  -2.4300397999999998e-01   1.3586663500000000e+01 210 -1 #xyz tv2 fid bid
           2.2500000000000000e+01  -4.4901280999999998e-01   1.3449012809999997e+01 #xyz tv0
           2.2400077957422717e+01  -2.4300397999999998e-01   1.3586663500000000e+01 #xyz tv1
           2.2500000000000000e+01  -2.4300397999999998e-01   1.3586663500000000e+01 192 -1 #xyz tv2 fid bid
           2.2500000000000000e+01  -2.4300397999999998e-01   1.3586663500000000e+01 #xyz ev0
           2.2400077957422717e+01  -2.4300397999999998e-01   1.3586663500000000e+01 -1 160 #xyz ev1 fid bid
   0   0.000000000000e+00   0.000000000000e+00   0.000000000000e+00 #flag location
END_ERR 
G3dErrFileVersion 2018P3.1
FlagFileMetaData Begin
   Mesh Size - Setup1, Refinement, Pass #1, Freq. 5.640000e+09 :Title    
   Listing of mesh elements with small segments. :ToolTip  
   hf3d :Author   
   1684631250 :TimeStamp
FlagFileMetaData End
BEGIN_ERR 
26 Small mesh segment detected on body : sma_dieletric
 Small mesh segment detected on body : sma_dieletric 
 Segment Statistics - Number of Segments : 1 --- Segment length(s) : 0.083231mm. The cutoff frequency for S-Matrix Only Solve is 1.99861638666667MHz 
3 -1  210  192  # nfids, fids[]
2 160  -1  # nbids, bids[]
      5 4 1 0 #ntets ntri ned npts
           1.6500000000000000e+01  -2.4300398000000001e-01   1.3586663499999998e+01 #xyz tv0
           1.6500000000000000e+01  -6.8883018000000007e-01   1.4662983159999998e+01 #xyz tv1
           1.6583231013415464e+01  -4.4901280999999998e-01   1.3449012809999999e+01 #xyz tv2
           1.6500000000000000e+01  -4.4901280999999998e-01   1.3449012809999999e+01 -1 160 #xyz tv3 fid bid
           1.6583231013415464e+01  -4.4901280999999998e-01   1.3449012809999999e+01 #xyz tv0
           1.6500000000000000e+01  -6.8883018000000007e-01   1.4662983159999998e+01 #xyz tv1
           1.6500000000000000e+01  -1.2727922099999998e+00   1.4272792210000000e+01 #xyz tv2
           1.6500000000000000e+01  -4.4901280999999998e-01   1.3449012809999999e+01 -1 160 #xyz tv3 fid bid
           1.6500000000000000e+01  -4.4901280999999998e-01   1.3449012809999999e+01 #xyz tv0
           1.6500000000000000e+01   2.4300398000000001e-01   1.2413336499999998e+01 #xyz tv1
           1.6583231013415464e+01  -4.4901280999999998e-01   1.3449012809999999e+01 #xyz tv2
           1.6500000000000000e+01  -2.4300398000000001e-01   1.3586663499999998e+01 -1 160 #xyz tv3 fid bid
           1.6583231013415464e+01  -4.4901280999999998e-01   1.3449012809999999e+01 #xyz tv0
           1.6500000000000000e+01  -1.2727922099999998e+00   1.4272792210000000e+01 #xyz tv1
           1.6500000000000000e+01  -5.8666349999999989e-01   1.3243003979999997e+01 #xyz tv2
           1.6500000000000000e+01  -4.4901280999999998e-01   1.3449012809999999e+01 -1 160 #xyz tv3 fid bid
           1.6500000000000000e+01  -4.4901280999999998e-01   1.3449012809999999e+01 #xyz tv0
           1.6583231013415464e+01  -4.4901280999999998e-01   1.3449012809999999e+01 #xyz tv1
           1.6500000000000000e+01   2.4300398000000001e-01   1.2413336499999998e+01 #xyz tv2
           1.6500000000000000e+01  -5.8666349999999989e-01   1.3243003979999997e+01 -1 160 #xyz tv3 fid bid
           1.6583231013415464e+01  -4.4901280999999998e-01   1.3449012809999999e+01 #xyz tv0
           1.6500000000000000e+01  -5.8666349999999989e-01   1.3243003979999997e+01 #xyz tv1
           1.6500000000000000e+01  -4.4901280999999998e-01   1.3449012809999999e+01 210 -1 #xyz tv2 fid bid
           1.6583231013415464e+01  -4.4901280999999998e-01   1.3449012809999999e+01 #xyz tv0
           1.6500000000000000e+01  -5.8666349999999989e-01   1.3243003979999997e+01 #xyz tv1
           1.6500000000000000e+01  -4.4901280999999998e-01   1.3449012809999999e+01 192 -1 #xyz tv2 fid bid
           1.6500000000000000e+01  -2.4300398000000001e-01   1.3586663499999998e+01 #xyz tv0
           1.6583231013415464e+01  -4.4901280999999998e-01   1.3449012809999999e+01 #xyz tv1
           1.6500000000000000e+01  -4.4901280999999998e-01   1.3449012809999999e+01 210 -1 #xyz tv2 fid bid
           1.6500000000000000e+01  -2.4300398000000001e-01   1.3586663499999998e+01 #xyz tv0
           1.6583231013415464e+01  -4.4901280999999998e-01   1.3449012809999999e+01 #xyz tv1
           1.6500000000000000e+01  -4.4901280999999998e-01   1.3449012809999999e+01 192 -1 #xyz tv2 fid bid
           1.6500000000000000e+01  -4.4901280999999998e-01   1.3449012809999999e+01 #xyz ev0
           1.6583231013415464e+01  -4.4901280999999998e-01   1.3449012809999999e+01 -1 160 #xyz ev1 fid bid
   0   0.000000000000e+00   0.000000000000e+00   0.000000000000e+00 #flag location
END_ERR 
G3dErrFileVersion 2018P3.1
FlagFileMetaData Begin
   Mesh Size - Setup1, Refinement, Pass #2, Freq. 5.640000e+09 :Title    
   Listing of mesh elements with small segments. :ToolTip  
   hf3d :Author   
   1684631253 :TimeStamp
FlagFileMetaData End
BEGIN_ERR 
26 Small mesh segment detected on body : sma_dieletric
 Small mesh segment detected on body : sma_dieletric 
 Segment Statistics - Number of Segments : 1 --- Segment length(s) : 0.083231mm. The cutoff frequency for S-Matrix Only Solve is 1.99861638666667MHz 
3 -1  210  192  # nfids, fids[]
2 160  -1  # nbids, bids[]
      5 4 1 0 #ntets ntri ned npts
           1.6500000000000000e+01  -2.4300398000000001e-01   1.3586663499999998e+01 #xyz tv0
           1.6500000000000000e+01  -6.8883018000000007e-01   1.4662983159999998e+01 #xyz tv1
           1.6583231013415464e+01  -4.4901280999999998e-01   1.3449012809999999e+01 #xyz tv2
           1.6500000000000000e+01  -4.4901280999999998e-01   1.3449012809999999e+01 -1 160 #xyz tv3 fid bid
           1.6583231013415464e+01  -4.4901280999999998e-01   1.3449012809999999e+01 #xyz tv0
           1.6500000000000000e+01  -6.8883018000000007e-01   1.4662983159999998e+01 #xyz tv1
           1.6500000000000000e+01  -1.2727922099999998e+00   1.4272792210000000e+01 #xyz tv2
           1.6500000000000000e+01  -4.4901280999999998e-01   1.3449012809999999e+01 -1 160 #xyz tv3 fid bid
           1.6500000000000000e+01  -4.4901280999999998e-01   1.3449012809999999e+01 #xyz tv0
           1.6500000000000000e+01   2.4300398000000001e-01   1.2413336499999998e+01 #xyz tv1
           1.6583231013415464e+01  -4.4901280999999998e-01   1.3449012809999999e+01 #xyz tv2
           1.6500000000000000e+01  -2.4300398000000001e-01   1.3586663499999998e+01 -1 160 #xyz tv3 fid bid
           1.6583231013415464e+01  -4.4901280999999998e-01   1.3449012809999999e+01 #xyz tv0
           1.6500000000000000e+01  -1.2727922099999998e+00   1.4272792210000000e+01 #xyz tv1
           1.6500000000000000e+01  -5.8666349999999989e-01   1.3243003979999997e+01 #xyz tv2
           1.6500000000000000e+01  -4.4901280999999998e-01   1.3449012809999999e+01 -1 160 #xyz tv3 fid bid
           1.6500000000000000e+01  -4.4901280999999998e-01   1.3449012809999999e+01 #xyz tv0
           1.6583231013415464e+01  -4.4901280999999998e-01   1.3449012809999999e+01 #xyz tv1
           1.6500000000000000e+01   2.4300398000000001e-01   1.2413336499999998e+01 #xyz tv2
           1.6500000000000000e+01  -5.8666349999999989e-01   1.3243003979999997e+01 -1 160 #xyz tv3 fid bid
           1.6583231013415464e+01  -4.4901280999999998e-01   1.3449012809999999e+01 #xyz tv0
           1.6500000000000000e+01  -5.8666349999999989e-01   1.3243003979999997e+01 #xyz tv1
           1.6500000000000000e+01  -4.4901280999999998e-01   1.3449012809999999e+01 210 -1 #xyz tv2 fid bid
           1.6583231013415464e+01  -4.4901280999999998e-01   1.3449012809999999e+01 #xyz tv0
           1.6500000000000000e+01  -5.8666349999999989e-01   1.3243003979999997e+01 #xyz tv1
           1.6500000000000000e+01  -4.4901280999999998e-01   1.3449012809999999e+01 192 -1 #xyz tv2 fid bid
           1.6500000000000000e+01  -2.4300398000000001e-01   1.3586663499999998e+01 #xyz tv0
           1.6583231013415464e+01  -4.4901280999999998e-01   1.3449012809999999e+01 #xyz tv1
           1.6500000000000000e+01  -4.4901280999999998e-01   1.3449012809999999e+01 210 -1 #xyz tv2 fid bid
           1.6500000000000000e+01  -2.4300398000000001e-01   1.3586663499999998e+01 #xyz tv0
           1.6583231013415464e+01  -4.4901280999999998e-01   1.3449012809999999e+01 #xyz tv1
           1.6500000000000000e+01  -4.4901280999999998e-01   1.3449012809999999e+01 192 -1 #xyz tv2 fid bid
           1.6500000000000000e+01  -4.4901280999999998e-01   1.3449012809999999e+01 #xyz ev0
           1.6583231013415464e+01  -4.4901280999999998e-01   1.3449012809999999e+01 -1 160 #xyz ev1 fid bid
   0   0.000000000000e+00   0.000000000000e+00   0.000000000000e+00 #flag location
END_ERR 
G3dErrFileVersion 2018P3.1
FlagFileMetaData Begin
   Mesh Size - Setup1, Refinement, Pass #3, Freq. 5.640000e+09 :Title    
   Listing of mesh elements with small segments. :ToolTip  
   hf3d :Author   
   1684631256 :TimeStamp
FlagFileMetaData End
BEGIN_ERR 
26 Small mesh segment detected on body : sma_dieletric
 Small mesh segment detected on body : sma_dieletric 
 Segment Statistics - Number of Segments : 1 --- Segment length(s) : 0.083231mm. The cutoff frequency for S-Matrix Only Solve is 1.99861638666667MHz 
3 -1  210  192  # nfids, fids[]
2 160  -1  # nbids, bids[]
      5 4 1 0 #ntets ntri ned npts
           1.6500000000000000e+01  -2.4300398000000001e-01   1.3586663499999998e+01 #xyz tv0
           1.6500000000000000e+01  -6.8883018000000007e-01   1.4662983159999998e+01 #xyz tv1
           1.6583231013415464e+01  -4.4901280999999998e-01   1.3449012809999999e+01 #xyz tv2
           1.6500000000000000e+01  -4.4901280999999998e-01   1.3449012809999999e+01 -1 160 #xyz tv3 fid bid
           1.6583231013415464e+01  -4.4901280999999998e-01   1.3449012809999999e+01 #xyz tv0
           1.6500000000000000e+01  -6.8883018000000007e-01   1.4662983159999998e+01 #xyz tv1
           1.6500000000000000e+01  -1.2727922099999998e+00   1.4272792210000000e+01 #xyz tv2
           1.6500000000000000e+01  -4.4901280999999998e-01   1.3449012809999999e+01 -1 160 #xyz tv3 fid bid
           1.6500000000000000e+01  -4.4901280999999998e-01   1.3449012809999999e+01 #xyz tv0
           1.6500000000000000e+01   2.4300398000000001e-01   1.2413336499999998e+01 #xyz tv1
           1.6583231013415464e+01  -4.4901280999999998e-01   1.3449012809999999e+01 #xyz tv2
           1.6500000000000000e+01  -2.4300398000000001e-01   1.3586663499999998e+01 -1 160 #xyz tv3 fid bid
           1.6583231013415464e+01  -4.4901280999999998e-01   1.3449012809999999e+01 #xyz tv0
           1.6500000000000000e+01  -1.2727922099999998e+00   1.4272792210000000e+01 #xyz tv1
           1.6500000000000000e+01  -5.8666349999999989e-01   1.3243003979999997e+01 #xyz tv2
           1.6500000000000000e+01  -4.4901280999999998e-01   1.3449012809999999e+01 -1 160 #xyz tv3 fid bid
           1.6500000000000000e+01  -4.4901280999999998e-01   1.3449012809999999e+01 #xyz tv0
           1.6583231013415464e+01  -4.4901280999999998e-01   1.3449012809999999e+01 #xyz tv1
           1.6500000000000000e+01   2.4300398000000001e-01   1.2413336499999998e+01 #xyz tv2
           1.6500000000000000e+01  -5.8666349999999989e-01   1.3243003979999997e+01 -1 160 #xyz tv3 fid bid
           1.6583231013415464e+01  -4.4901280999999998e-01   1.3449012809999999e+01 #xyz tv0
           1.6500000000000000e+01  -5.8666349999999989e-01   1.3243003979999997e+01 #xyz tv1
           1.6500000000000000e+01  -4.4901280999999998e-01   1.3449012809999999e+01 210 -1 #xyz tv2 fid bid
           1.6583231013415464e+01  -4.4901280999999998e-01   1.3449012809999999e+01 #xyz tv0
           1.6500000000000000e+01  -5.8666349999999989e-01   1.3243003979999997e+01 #xyz tv1
           1.6500000000000000e+01  -4.4901280999999998e-01   1.3449012809999999e+01 192 -1 #xyz tv2 fid bid
           1.6500000000000000e+01  -2.4300398000000001e-01   1.3586663499999998e+01 #xyz tv0
           1.6583231013415464e+01  -4.4901280999999998e-01   1.3449012809999999e+01 #xyz tv1
           1.6500000000000000e+01  -4.4901280999999998e-01   1.3449012809999999e+01 210 -1 #xyz tv2 fid bid
           1.6500000000000000e+01  -2.4300398000000001e-01   1.3586663499999998e+01 #xyz tv0
           1.6583231013415464e+01  -4.4901280999999998e-01   1.3449012809999999e+01 #xyz tv1
           1.6500000000000000e+01  -4.4901280999999998e-01   1.3449012809999999e+01 192 -1 #xyz tv2 fid bid
           1.6500000000000000e+01  -4.4901280999999998e-01   1.3449012809999999e+01 #xyz ev0
           1.6583231013415464e+01  -4.4901280999999998e-01   1.3449012809999999e+01 -1 160 #xyz ev1 fid bid
   0   0.000000000000e+00   0.000000000000e+00   0.000000000000e+00 #flag location
END_ERR 
G3dErrFileVersion 2018P3.1
FlagFileMetaData Begin
   Mesh Size - Setup1, Refinement, Pass #4, Freq. 5.640000e+09 :Title    
   Listing of mesh elements with small segments. :ToolTip  
   hf3d :Author   
   1684631261 :TimeStamp
FlagFileMetaData End
BEGIN_ERR 
26 Small mesh segment detected on body : sma_dieletric
 Small mesh segment detected on body : sma_dieletric 
 Segment Statistics - Number of Segments : 1 --- Segment length(s) : 0.083231mm. The cutoff frequency for S-Matrix Only Solve is 1.99861638666667MHz 
3 -1  210  192  # nfids, fids[]
2 160  -1  # nbids, bids[]
      5 4 1 0 #ntets ntri ned npts
           1.6500000000000000e+01  -2.4300398000000001e-01   1.3586663499999998e+01 #xyz tv0
           1.6500000000000000e+01  -6.8883018000000007e-01   1.4662983159999998e+01 #xyz tv1
           1.6583231013415464e+01  -4.4901280999999998e-01   1.3449012809999999e+01 #xyz tv2
           1.6500000000000000e+01  -4.4901280999999998e-01   1.3449012809999999e+01 -1 160 #xyz tv3 fid bid
           1.6583231013415464e+01  -4.4901280999999998e-01   1.3449012809999999e+01 #xyz tv0
           1.6500000000000000e+01  -6.8883018000000007e-01   1.4662983159999998e+01 #xyz tv1
           1.6500000000000000e+01  -1.2727922099999998e+00   1.4272792210000000e+01 #xyz tv2
           1.6500000000000000e+01  -4.4901280999999998e-01   1.3449012809999999e+01 -1 160 #xyz tv3 fid bid
           1.6500000000000000e+01  -4.4901280999999998e-01   1.3449012809999999e+01 #xyz tv0
           1.6500000000000000e+01   2.4300398000000001e-01   1.2413336499999998e+01 #xyz tv1
           1.6583231013415464e+01  -4.4901280999999998e-01   1.3449012809999999e+01 #xyz tv2
           1.6500000000000000e+01  -2.4300398000000001e-01   1.3586663499999998e+01 -1 160 #xyz tv3 fid bid
           1.6583231013415464e+01  -4.4901280999999998e-01   1.3449012809999999e+01 #xyz tv0
           1.6500000000000000e+01  -1.2727922099999998e+00   1.4272792210000000e+01 #xyz tv1
           1.6500000000000000e+01  -5.8666349999999989e-01   1.3243003979999997e+01 #xyz tv2
           1.6500000000000000e+01  -4.4901280999999998e-01   1.3449012809999999e+01 -1 160 #xyz tv3 fid bid
           1.6500000000000000e+01  -4.4901280999999998e-01   1.3449012809999999e+01 #xyz tv0
           1.6583231013415464e+01  -4.4901280999999998e-01   1.3449012809999999e+01 #xyz tv1
           1.6500000000000000e+01   2.4300398000000001e-01   1.2413336499999998e+01 #xyz tv2
           1.6500000000000000e+01  -5.8666349999999989e-01   1.3243003979999997e+01 -1 160 #xyz tv3 fid bid
           1.6583231013415464e+01  -4.4901280999999998e-01   1.3449012809999999e+01 #xyz tv0
           1.6500000000000000e+01  -5.8666349999999989e-01   1.3243003979999997e+01 #xyz tv1
           1.6500000000000000e+01  -4.4901280999999998e-01   1.3449012809999999e+01 210 -1 #xyz tv2 fid bid
           1.6583231013415464e+01  -4.4901280999999998e-01   1.3449012809999999e+01 #xyz tv0
           1.6500000000000000e+01  -5.8666349999999989e-01   1.3243003979999997e+01 #xyz tv1
           1.6500000000000000e+01  -4.4901280999999998e-01   1.3449012809999999e+01 192 -1 #xyz tv2 fid bid
           1.6500000000000000e+01  -2.4300398000000001e-01   1.3586663499999998e+01 #xyz tv0
           1.6583231013415464e+01  -4.4901280999999998e-01   1.3449012809999999e+01 #xyz tv1
           1.6500000000000000e+01  -4.4901280999999998e-01   1.3449012809999999e+01 210 -1 #xyz tv2 fid bid
