% Huan Bui
% Na 1178 nm seed power vs max output of 589 nm RFA 


seed_power = [1.98 1.719 1.254 0.968 1.826 1.512 1.343 1.173 1.921 1.780 1.618 1.864];
