G3dErrFileVersion 2018P3.1
FlagFileMetaData Begin
   Mesh Size - Setup1, Refinement, Pass #1, Freq. 5.640000e+09 :Title    
   Listing of mesh elements with small segments. :ToolTip  
   hf3d :Author   
   1684433211 :TimeStamp
FlagFileMetaData End
BEGIN_ERR 
26 Small mesh segment detected on body : sma_inner_conductor
 Small mesh segment detected on body : sma_inner_conductor 
 Segment Statistics - Number of Segments : 1 --- Segment length(s) : 0.105772mm. The cutoff frequency for S-Matrix Only Solve is 5.16883548275862MHz 
3 -1  210  192  # nfids, fids[]
2 191  -1  # nbids, bids[]
      4 4 1 0 #ntets ntri ned npts
           1.6605771583961570e+01  -5.8666350000000000e-01   9.7569960200000008e+00 #xyz tv0
           1.6996630000000000e+01   0.0000000000000000e+00   9.3650000000000002e+00 #xyz tv1
           1.6500000000000000e+01  -6.3500000000000001e-01   1.0000000000000000e+01 #xyz tv2
           1.6500000000000000e+01  -5.8666350000000000e-01   9.7569960200000008e+00 -1 191 #xyz tv3 fid bid
           1.6605771583961570e+01  -5.8666350000000000e-01   9.7569960200000008e+00 #xyz tv0
           1.6500000000000000e+01  -5.8666350000000000e-01   9.7569960200000008e+00 #xyz tv1
           1.6500000000000000e+01  -6.3500000000000001e-01   1.0000000000000000e+01 #xyz tv2
           1.6500000000000000e+01  -1.0016216977777770e+00   9.2813968207407385e+00 -1 191 #xyz tv3 fid bid
           1.6605771583961570e+01  -5.8666350000000000e-01   9.7569960200000008e+00 #xyz tv0
           1.6996630000000000e+01   0.0000000000000000e+00   9.3650000000000002e+00 #xyz tv1
           1.6500000000000000e+01  -5.8666350000000000e-01   9.7569960200000008e+00 #xyz tv2
           1.6500000000000000e+01  -4.4901280999999998e-01   9.5509871900000007e+00 -1 191 #xyz tv3 fid bid
           1.6605771583961570e+01  -5.8666350000000000e-01   9.7569960200000008e+00 #xyz tv0
           1.6500000000000000e+01  -4.4901280999999998e-01   9.5509871900000007e+00 #xyz tv1
           1.6500000000000000e+01  -5.8666350000000000e-01   9.7569960200000008e+00 #xyz tv2
           1.6500000000000000e+01  -1.0016216977777770e+00   9.2813968207407385e+00 -1 191 #xyz tv3 fid bid
           1.6500000000000000e+01  -5.8666350000000000e-01   9.7569960200000008e+00 #xyz tv0
           1.6605771583961570e+01  -5.8666350000000000e-01   9.7569960200000008e+00 #xyz tv1
           1.6500000000000000e+01  -4.4901280999999998e-01   9.5509871900000007e+00 210 -1 #xyz tv2 fid bid
           1.6500000000000000e+01  -5.8666350000000000e-01   9.7569960200000008e+00 #xyz tv0
           1.6605771583961570e+01  -5.8666350000000000e-01   9.7569960200000008e+00 #xyz tv1
           1.6500000000000000e+01  -4.4901280999999998e-01   9.5509871900000007e+00 192 -1 #xyz tv2 fid bid
           1.6500000000000000e+01  -6.3500000000000001e-01   1.0000000000000000e+01 #xyz tv0
           1.6605771583961570e+01  -5.8666350000000000e-01   9.7569960200000008e+00 #xyz tv1
           1.6500000000000000e+01  -5.8666350000000000e-01   9.7569960200000008e+00 210 -1 #xyz tv2 fid bid
           1.6500000000000000e+01  -6.3500000000000001e-01   1.0000000000000000e+01 #xyz tv0
           1.6605771583961570e+01  -5.8666350000000000e-01   9.7569960200000008e+00 #xyz tv1
           1.6500000000000000e+01  -5.8666350000000000e-01   9.7569960200000008e+00 192 -1 #xyz tv2 fid bid
           1.6500000000000000e+01  -5.8666350000000000e-01   9.7569960200000008e+00 #xyz ev0
           1.6605771583961570e+01  -5.8666350000000000e-01   9.7569960200000008e+00 -1 191 #xyz ev1 fid bid
   0   0.000000000000e+00   0.000000000000e+00   0.000000000000e+00 #flag location
END_ERR 
G3dErrFileVersion 2018P3.1
FlagFileMetaData Begin
   Mesh Size - Setup1, Refinement, Pass #2, Freq. 5.640000e+09 :Title    
   Listing of mesh elements with small segments. :ToolTip  
   hf3d :Author   
   1684433213 :TimeStamp
FlagFileMetaData End
BEGIN_ERR 
26 Small mesh segment detected on body : sma_inner_conductor
 Small mesh segment detected on body : sma_inner_conductor 
 Segment Statistics - Number of Segments : 1 --- Segment length(s) : 0.105772mm. The cutoff frequency for S-Matrix Only Solve is 5.16883548275862MHz 
3 -1  210  192  # nfids, fids[]
2 191  -1  # nbids, bids[]
      4 4 1 0 #ntets ntri ned npts
           1.6605771583961570e+01  -5.8666350000000000e-01   9.7569960200000008e+00 #xyz tv0
           1.6996630000000000e+01   0.0000000000000000e+00   9.3650000000000002e+00 #xyz tv1
           1.6500000000000000e+01  -6.3500000000000001e-01   1.0000000000000000e+01 #xyz tv2
           1.6500000000000000e+01  -5.8666350000000000e-01   9.7569960200000008e+00 -1 191 #xyz tv3 fid bid
           1.6605771583961570e+01  -5.8666350000000000e-01   9.7569960200000008e+00 #xyz tv0
           1.6500000000000000e+01  -5.8666350000000000e-01   9.7569960200000008e+00 #xyz tv1
           1.6500000000000000e+01  -6.3500000000000001e-01   1.0000000000000000e+01 #xyz tv2
           1.6500000000000000e+01  -1.0016216977777770e+00   9.2813968207407385e+00 -1 191 #xyz tv3 fid bid
           1.6605771583961570e+01  -5.8666350000000000e-01   9.7569960200000008e+00 #xyz tv0
           1.6996630000000000e+01   0.0000000000000000e+00   9.3650000000000002e+00 #xyz tv1
           1.6500000000000000e+01  -5.8666350000000000e-01   9.7569960200000008e+00 #xyz tv2
           1.6500000000000000e+01  -4.4901280999999998e-01   9.5509871900000007e+00 -1 191 #xyz tv3 fid bid
           1.6605771583961570e+01  -5.8666350000000000e-01   9.7569960200000008e+00 #xyz tv0
           1.6500000000000000e+01  -4.4901280999999998e-01   9.5509871900000007e+00 #xyz tv1
           1.6500000000000000e+01  -5.8666350000000000e-01   9.7569960200000008e+00 #xyz tv2
           1.6500000000000000e+01  -1.0016216977777770e+00   9.2813968207407385e+00 -1 191 #xyz tv3 fid bid
           1.6500000000000000e+01  -5.8666350000000000e-01   9.7569960200000008e+00 #xyz tv0
           1.6605771583961570e+01  -5.8666350000000000e-01   9.7569960200000008e+00 #xyz tv1
           1.6500000000000000e+01  -4.4901280999999998e-01   9.5509871900000007e+00 210 -1 #xyz tv2 fid bid
           1.6500000000000000e+01  -5.8666350000000000e-01   9.7569960200000008e+00 #xyz tv0
           1.6605771583961570e+01  -5.8666350000000000e-01   9.7569960200000008e+00 #xyz tv1
           1.6500000000000000e+01  -4.4901280999999998e-01   9.5509871900000007e+00 192 -1 #xyz tv2 fid bid
           1.6500000000000000e+01  -6.3500000000000001e-01   1.0000000000000000e+01 #xyz tv0
           1.6605771583961570e+01  -5.8666350000000000e-01   9.7569960200000008e+00 #xyz tv1
           1.6500000000000000e+01  -5.8666350000000000e-01   9.7569960200000008e+00 210 -1 #xyz tv2 fid bid
           1.6500000000000000e+01  -6.3500000000000001e-01   1.0000000000000000e+01 #xyz tv0
           1.6605771583961570e+01  -5.8666350000000000e-01   9.7569960200000008e+00 #xyz tv1
           1.6500000000000000e+01  -5.8666350000000000e-01   9.7569960200000008e+00 192 -1 #xyz tv2 fid bid
           1.6500000000000000e+01  -5.8666350000000000e-01   9.7569960200000008e+00 #xyz ev0
           1.6605771583961570e+01  -5.8666350000000000e-01   9.7569960200000008e+00 -1 191 #xyz ev1 fid bid
   0   0.000000000000e+00   0.000000000000e+00   0.000000000000e+00 #flag location
END_ERR 
G3dErrFileVersion 2018P3.1
FlagFileMetaData Begin
   Mesh Size - Setup1, Refinement, Pass #1, Freq. 5.640000e+09 :Title    
   Listing of mesh elements with small segments. :ToolTip  
   hf3d :Author   
   1684435006 :TimeStamp
FlagFileMetaData End
BEGIN_ERR 
26 Small mesh segment detected on body : pecCap1
 Small mesh segment detected on body : pecCap1 
 Segment Statistics - Number of Segments : 1 --- Segment length(s) : 0.123882mm. The cutoff frequency for S-Matrix Only Solve is 2.99792458MHz 
3 -1  163  320  # nfids, fids[]
2 313  -1  # nbids, bids[]
      4 4 1 0 #ntets ntri ned npts
           2.2500000000000000e+01  -7.5250539750000001e-01   1.0508967152499999e+01 #xyz tv0
           2.2500000000000000e+01  -9.5299357000000007e-01   1.0637746840000000e+01 #xyz tv1
           2.3000000000000000e+01  -1.6629831600000000e+00   1.0688830180000000e+01 #xyz tv2
           2.2500000000000000e+01  -1.0559979850000001e+00   1.0568921495000000e+01 -1 313 #xyz tv3 fid bid
           2.2500000000000000e+01  -1.0559979850000001e+00   1.0568921495000000e+01 #xyz tv0
           2.2500000000000000e+01  -9.5299357000000007e-01   1.0637746840000000e+01 #xyz tv1
           2.3000000000000000e+01  -1.6629831600000000e+00   1.0688830180000000e+01 #xyz tv2
           2.2500000000000000e+01  -1.6629831600000000e+00   1.0688830180000000e+01 -1 313 #xyz tv3 fid bid
           2.2500000000000000e+01  -7.5250539750000001e-01   1.0508967152499999e+01 #xyz tv0
           2.2263843750000014e+01  -3.9059374999999924e-01   1.0705468750000007e+01 #xyz tv1
           2.2500000000000000e+01  -9.5299357000000007e-01   1.0637746840000000e+01 #xyz tv2
           2.2500000000000000e+01  -1.0559979850000001e+00   1.0568921495000000e+01 -1 313 #xyz tv3 fid bid
           2.2500000000000000e+01  -1.0559979850000001e+00   1.0568921495000000e+01 #xyz tv0
           2.2263843750000014e+01  -3.9059374999999924e-01   1.0705468750000007e+01 #xyz tv1
           2.2500000000000000e+01  -9.5299357000000007e-01   1.0637746840000000e+01 #xyz tv2
           2.2500000000000000e+01  -1.6629831600000000e+00   1.0688830180000000e+01 -1 313 #xyz tv3 fid bid
           2.2500000000000000e+01  -1.6629831600000000e+00   1.0688830180000000e+01 #xyz tv0
           2.2500000000000000e+01  -1.0559979850000001e+00   1.0568921495000000e+01 #xyz tv1
           2.2500000000000000e+01  -9.5299357000000007e-01   1.0637746840000000e+01 163 -1 #xyz tv2 fid bid
           2.2500000000000000e+01  -1.6629831600000000e+00   1.0688830180000000e+01 #xyz tv0
           2.2500000000000000e+01  -1.0559979850000001e+00   1.0568921495000000e+01 #xyz tv1
           2.2500000000000000e+01  -9.5299357000000007e-01   1.0637746840000000e+01 320 -1 #xyz tv2 fid bid
           2.2500000000000000e+01  -1.0559979850000001e+00   1.0568921495000000e+01 #xyz tv0
           2.2500000000000000e+01  -7.5250539750000001e-01   1.0508967152499999e+01 #xyz tv1
           2.2500000000000000e+01  -9.5299357000000007e-01   1.0637746840000000e+01 163 -1 #xyz tv2 fid bid
           2.2500000000000000e+01  -1.0559979850000001e+00   1.0568921495000000e+01 #xyz tv0
           2.2500000000000000e+01  -7.5250539750000001e-01   1.0508967152499999e+01 #xyz tv1
           2.2500000000000000e+01  -9.5299357000000007e-01   1.0637746840000000e+01 320 -1 #xyz tv2 fid bid
           2.2500000000000000e+01  -1.0559979850000001e+00   1.0568921495000000e+01 #xyz ev0
           2.2500000000000000e+01  -9.5299357000000007e-01   1.0637746840000000e+01 -1 313 #xyz ev1 fid bid
   0   0.000000000000e+00   0.000000000000e+00   0.000000000000e+00 #flag location
END_ERR 
G3dErrFileVersion 2018P3.1
FlagFileMetaData Begin
   Mesh Size - Setup1, Refinement, Pass #2, Freq. 5.640000e+09 :Title    
   Listing of mesh elements with small segments. :ToolTip  
   hf3d :Author   
   1684435009 :TimeStamp
FlagFileMetaData End
BEGIN_ERR 
26 Small mesh segment detected on body : pecCap1
 Small mesh segment detected on body : pecCap1 
 Segment Statistics - Number of Segments : 1 --- Segment length(s) : 0.160041mm. The cutoff frequency for S-Matrix Only Solve is 2.99792458MHz 
3 -1  163  320  # nfids, fids[]
2 313  -1  # nbids, bids[]
      4 4 1 0 #ntets ntri ned npts
           2.2500000000000000e+01  -3.8414876453189313e-02   8.8003770607295966e+00 #xyz tv0
           2.2500000000000000e+01   1.2150199000000000e-01   8.8066682499999995e+00 #xyz tv1
           2.3000000000000000e+01   1.2727922100000000e+00   8.7272077899999996e+00 #xyz tv2
           2.2500000000000000e+01   0.0000000000000000e+00   9.3650000000000002e+00 -1 313 #xyz tv3 fid bid
           2.2500000000000000e+01  -3.8414876453189313e-02   8.8003770607295966e+00 #xyz tv0
           2.3000000000000000e+01   1.2727922100000000e+00   8.7272077899999996e+00 #xyz tv1
           2.2500000000000000e+01   1.2150199000000000e-01   8.8066682499999995e+00 #xyz tv2
           2.2500000000000000e+01   0.0000000000000000e+00   8.1999999999999993e+00 -1 313 #xyz tv3 fid bid
           2.2500000000000000e+01  -3.8414876453189313e-02   8.8003770607295966e+00 #xyz tv0
           2.1406975166290817e+01   0.0000000000000000e+00   8.1999999999999993e+00 #xyz tv1
           2.2500000000000000e+01   1.2150199000000000e-01   8.8066682499999995e+00 #xyz tv2
           2.2500000000000000e+01   0.0000000000000000e+00   9.3650000000000002e+00 -1 313 #xyz tv3 fid bid
           2.2500000000000000e+01  -3.8414876453189313e-02   8.8003770607295966e+00 #xyz tv0
           2.2500000000000000e+01   1.2150199000000000e-01   8.8066682499999995e+00 #xyz tv1
           2.1406975166290817e+01   0.0000000000000000e+00   8.1999999999999993e+00 #xyz tv2
           2.2500000000000000e+01   0.0000000000000000e+00   8.1999999999999993e+00 -1 313 #xyz tv3 fid bid
           2.2500000000000000e+01   0.0000000000000000e+00   9.3650000000000002e+00 #xyz tv0
           2.2500000000000000e+01  -3.8414876453189313e-02   8.8003770607295966e+00 #xyz tv1
           2.2500000000000000e+01   1.2150199000000000e-01   8.8066682499999995e+00 163 -1 #xyz tv2 fid bid
           2.2500000000000000e+01   0.0000000000000000e+00   9.3650000000000002e+00 #xyz tv0
           2.2500000000000000e+01  -3.8414876453189313e-02   8.8003770607295966e+00 #xyz tv1
           2.2500000000000000e+01   1.2150199000000000e-01   8.8066682499999995e+00 320 -1 #xyz tv2 fid bid
           2.2500000000000000e+01  -3.8414876453189313e-02   8.8003770607295966e+00 #xyz tv0
           2.2500000000000000e+01   0.0000000000000000e+00   8.1999999999999993e+00 #xyz tv1
           2.2500000000000000e+01   1.2150199000000000e-01   8.8066682499999995e+00 163 -1 #xyz tv2 fid bid
           2.2500000000000000e+01  -3.8414876453189313e-02   8.8003770607295966e+00 #xyz tv0
           2.2500000000000000e+01   0.0000000000000000e+00   8.1999999999999993e+00 #xyz tv1
           2.2500000000000000e+01   1.2150199000000000e-01   8.8066682499999995e+00 320 -1 #xyz tv2 fid bid
           2.2500000000000000e+01  -3.8414876453189313e-02   8.8003770607295966e+00 #xyz ev0
           2.2500000000000000e+01   1.2150199000000000e-01   8.8066682499999995e+00 -1 313 #xyz ev1 fid bid
   0   0.000000000000e+00   0.000000000000e+00   0.000000000000e+00 #flag location
END_ERR 
G3dErrFileVersion 2018P3.1
FlagFileMetaData Begin
   Mesh Size - Setup1, Refinement, Pass #3, Freq. 5.640000e+09 :Title    
   Listing of mesh elements with small segments. :ToolTip  
   hf3d :Author   
   1684435012 :TimeStamp
FlagFileMetaData End
BEGIN_ERR 
26 Small mesh segment detected on body : pecCap1
 Small mesh segment detected on body : pecCap1 
 Segment Statistics - Number of Segments : 1 --- Segment length(s) : 0.167528mm. The cutoff frequency for S-Matrix Only Solve is 2.99792458MHz 
3 -1  163  320  # nfids, fids[]
2 313  -1  # nbids, bids[]
      4 4 1 0 #ntets ntri ned npts
           2.2500000000000000e+01  -4.6003000197029173e-02   8.8039083319848235e+00 #xyz tv0
           2.2500000000000000e+01   1.2150199000000000e-01   8.8066682499999995e+00 #xyz tv1
           2.3000000000000000e+01   1.2727922100000000e+00   8.7272077899999996e+00 #xyz tv2
           2.2500000000000000e+01   0.0000000000000000e+00   9.3650000000000002e+00 -1 313 #xyz tv3 fid bid
           2.2500000000000000e+01  -4.6003000197029173e-02   8.8039083319848235e+00 #xyz tv0
           2.3000000000000000e+01   1.2727922100000000e+00   8.7272077899999996e+00 #xyz tv1
           2.2500000000000000e+01   1.2150199000000000e-01   8.8066682499999995e+00 #xyz tv2
           2.2500000000000000e+01   0.0000000000000000e+00   8.1999999999999993e+00 -1 313 #xyz tv3 fid bid
           2.2500000000000000e+01  -4.6003000197029173e-02   8.8039083319848235e+00 #xyz tv0
           2.1406975166290817e+01   0.0000000000000000e+00   8.1999999999999993e+00 #xyz tv1
           2.2500000000000000e+01   1.2150199000000000e-01   8.8066682499999995e+00 #xyz tv2
           2.2500000000000000e+01   0.0000000000000000e+00   9.3650000000000002e+00 -1 313 #xyz tv3 fid bid
           2.2500000000000000e+01  -4.6003000197029173e-02   8.8039083319848235e+00 #xyz tv0
           2.2500000000000000e+01   1.2150199000000000e-01   8.8066682499999995e+00 #xyz tv1
           2.1406975166290817e+01   0.0000000000000000e+00   8.1999999999999993e+00 #xyz tv2
           2.2500000000000000e+01   0.0000000000000000e+00   8.1999999999999993e+00 -1 313 #xyz tv3 fid bid
           2.2500000000000000e+01   0.0000000000000000e+00   9.3650000000000002e+00 #xyz tv0
           2.2500000000000000e+01  -4.6003000197029173e-02   8.8039083319848235e+00 #xyz tv1
           2.2500000000000000e+01   1.2150199000000000e-01   8.8066682499999995e+00 163 -1 #xyz tv2 fid bid
           2.2500000000000000e+01   0.0000000000000000e+00   9.3650000000000002e+00 #xyz tv0
           2.2500000000000000e+01  -4.6003000197029173e-02   8.8039083319848235e+00 #xyz tv1
           2.2500000000000000e+01   1.2150199000000000e-01   8.8066682499999995e+00 320 -1 #xyz tv2 fid bid
           2.2500000000000000e+01  -4.6003000197029173e-02   8.8039083319848235e+00 #xyz tv0
           2.2500000000000000e+01   0.0000000000000000e+00   8.1999999999999993e+00 #xyz tv1
           2.2500000000000000e+01   1.2150199000000000e-01   8.8066682499999995e+00 163 -1 #xyz tv2 fid bid
           2.2500000000000000e+01  -4.6003000197029173e-02   8.8039083319848235e+00 #xyz tv0
           2.2500000000000000e+01   0.0000000000000000e+00   8.1999999999999993e+00 #xyz tv1
           2.2500000000000000e+01   1.2150199000000000e-01   8.8066682499999995e+00 320 -1 #xyz tv2 fid bid
           2.2500000000000000e+01  -4.6003000197029173e-02   8.8039083319848235e+00 #xyz ev0
           2.2500000000000000e+01   1.2150199000000000e-01   8.8066682499999995e+00 -1 313 #xyz ev1 fid bid
   0   0.000000000000e+00   0.000000000000e+00   0.000000000000e+00 #flag location
END_ERR 
G3dErrFileVersion 2018P3.1
FlagFileMetaData Begin
   Mesh Size - Setup1, Refinement, Pass #4, Freq. 5.640000e+09 :Title    
   Listing of mesh elements with small segments. :ToolTip  
   hf3d :Author   
   1684435014 :TimeStamp
FlagFileMetaData End
BEGIN_ERR 
26 Small mesh segment detected on body : pecCap1
 Small mesh segment detected on body : pecCap1 
 Segment Statistics - Number of Segments : 1 --- Segment length(s) : 0.170061mm. The cutoff frequency for S-Matrix Only Solve is 2.99792458MHz 
3 -1  163  320  # nfids, fids[]
2 313  -1  # nbids, bids[]
      4 4 1 0 #ntets ntri ned npts
           2.2500000000000000e+01  -1.1617107953819445e+00   1.1144022092005208e+01 #xyz tv0
           2.2500000000000000e+01  -1.2727922100000000e+00   1.1272792210000000e+01 #xyz tv1
           2.3000000000000000e+01  -1.6629831600000000e+00   1.0688830180000000e+01 #xyz tv2
           2.2500000000000000e+01  -1.6629831600000000e+00   1.0688830180000000e+01 -1 313 #xyz tv3 fid bid
           2.2500000000000000e+01  -1.1617107953819445e+00   1.1144022092005208e+01 #xyz tv0
           2.3000000000000000e+01  -1.6629831600000000e+00   1.0688830180000000e+01 #xyz tv1
           2.2500000000000000e+01  -1.2727922100000000e+00   1.1272792210000000e+01 #xyz tv2
           2.2500000000000000e+01  -6.8883018000000007e-01   1.1662983159999998e+01 -1 313 #xyz tv3 fid bid
           2.2500000000000000e+01  -1.1617107953819445e+00   1.1144022092005208e+01 #xyz tv0
           2.1428444194444044e+01  -1.2727922100000000e+00   1.1272792210000000e+01 #xyz tv1
           2.2500000000000000e+01  -1.2727922100000000e+00   1.1272792210000000e+01 #xyz tv2
           2.2500000000000000e+01  -1.6629831600000000e+00   1.0688830180000000e+01 -1 313 #xyz tv3 fid bid
           2.2500000000000000e+01  -1.1617107953819445e+00   1.1144022092005208e+01 #xyz tv0
           2.2500000000000000e+01  -1.2727922100000000e+00   1.1272792210000000e+01 #xyz tv1
           2.1428444194444044e+01  -1.2727922100000000e+00   1.1272792210000000e+01 #xyz tv2
           2.2500000000000000e+01  -6.8883018000000007e-01   1.1662983159999998e+01 -1 313 #xyz tv3 fid bid
           2.2500000000000000e+01  -1.6629831600000000e+00   1.0688830180000000e+01 #xyz tv0
           2.2500000000000000e+01  -1.1617107953819445e+00   1.1144022092005208e+01 #xyz tv1
           2.2500000000000000e+01  -1.2727922100000000e+00   1.1272792210000000e+01 163 -1 #xyz tv2 fid bid
           2.2500000000000000e+01  -1.6629831600000000e+00   1.0688830180000000e+01 #xyz tv0
           2.2500000000000000e+01  -1.1617107953819445e+00   1.1144022092005208e+01 #xyz tv1
           2.2500000000000000e+01  -1.2727922100000000e+00   1.1272792210000000e+01 320 -1 #xyz tv2 fid bid
           2.2500000000000000e+01  -1.1617107953819445e+00   1.1144022092005208e+01 #xyz tv0
           2.2500000000000000e+01  -6.8883018000000007e-01   1.1662983159999998e+01 #xyz tv1
           2.2500000000000000e+01  -1.2727922100000000e+00   1.1272792210000000e+01 163 -1 #xyz tv2 fid bid
           2.2500000000000000e+01  -1.1617107953819445e+00   1.1144022092005208e+01 #xyz tv0
           2.2500000000000000e+01  -6.8883018000000007e-01   1.1662983159999998e+01 #xyz tv1
           2.2500000000000000e+01  -1.2727922100000000e+00   1.1272792210000000e+01 320 -1 #xyz tv2 fid bid
           2.2500000000000000e+01  -1.1617107953819445e+00   1.1144022092005208e+01 #xyz ev0
           2.2500000000000000e+01  -1.2727922100000000e+00   1.1272792210000000e+01 -1 313 #xyz ev1 fid bid
   0   0.000000000000e+00   0.000000000000e+00   0.000000000000e+00 #flag location
END_ERR 
G3dErrFileVersion 2018P3.1
FlagFileMetaData Begin
   Mesh Size - Setup1, Refinement, Pass #5, Freq. 5.640000e+09 :Title    
   Listing of mesh elements with small segments. :ToolTip  
   hf3d :Author   
   1684435017 :TimeStamp
FlagFileMetaData End
BEGIN_ERR 
26 Small mesh segment detected on body : pecCap1
 Small mesh segment detected on body : pecCap1 
 Segment Statistics - Number of Segments : 1 --- Segment length(s) : 0.170061mm. The cutoff frequency for S-Matrix Only Solve is 2.99792458MHz 
3 -1  163  320  # nfids, fids[]
2 313  -1  # nbids, bids[]
      4 4 1 0 #ntets ntri ned npts
           2.2500000000000000e+01  -1.1617107953819445e+00   1.1144022092005208e+01 #xyz tv0
           2.2500000000000000e+01  -1.2727922100000000e+00   1.1272792210000000e+01 #xyz tv1
           2.3000000000000000e+01  -1.6629831600000000e+00   1.0688830180000000e+01 #xyz tv2
           2.2500000000000000e+01  -1.6629831600000000e+00   1.0688830180000000e+01 -1 313 #xyz tv3 fid bid
           2.2500000000000000e+01  -1.1617107953819445e+00   1.1144022092005208e+01 #xyz tv0
           2.3000000000000000e+01  -1.6629831600000000e+00   1.0688830180000000e+01 #xyz tv1
           2.2500000000000000e+01  -1.2727922100000000e+00   1.1272792210000000e+01 #xyz tv2
           2.2500000000000000e+01  -6.8883018000000007e-01   1.1662983159999998e+01 -1 313 #xyz tv3 fid bid
           2.2500000000000000e+01  -1.1617107953819445e+00   1.1144022092005208e+01 #xyz tv0
           2.1428444194444044e+01  -1.2727922100000000e+00   1.1272792210000000e+01 #xyz tv1
           2.2500000000000000e+01  -1.2727922100000000e+00   1.1272792210000000e+01 #xyz tv2
           2.2500000000000000e+01  -1.6629831600000000e+00   1.0688830180000000e+01 -1 313 #xyz tv3 fid bid
           2.2500000000000000e+01  -1.1617107953819445e+00   1.1144022092005208e+01 #xyz tv0
           2.2500000000000000e+01  -1.2727922100000000e+00   1.1272792210000000e+01 #xyz tv1
           2.1428444194444044e+01  -1.2727922100000000e+00   1.1272792210000000e+01 #xyz tv2
           2.2500000000000000e+01  -6.8883018000000007e-01   1.1662983159999998e+01 -1 313 #xyz tv3 fid bid
           2.2500000000000000e+01  -1.6629831600000000e+00   1.0688830180000000e+01 #xyz tv0
           2.2500000000000000e+01  -1.1617107953819445e+00   1.1144022092005208e+01 #xyz tv1
           2.2500000000000000e+01  -1.2727922100000000e+00   1.1272792210000000e+01 163 -1 #xyz tv2 fid bid
           2.2500000000000000e+01  -1.6629831600000000e+00   1.0688830180000000e+01 #xyz tv0
           2.2500000000000000e+01  -1.1617107953819445e+00   1.1144022092005208e+01 #xyz tv1
           2.2500000000000000e+01  -1.2727922100000000e+00   1.1272792210000000e+01 320 -1 #xyz tv2 fid bid
           2.2500000000000000e+01  -1.1617107953819445e+00   1.1144022092005208e+01 #xyz tv0
           2.2500000000000000e+01  -6.8883018000000007e-01   1.1662983159999998e+01 #xyz tv1
           2.2500000000000000e+01  -1.2727922100000000e+00   1.1272792210000000e+01 163 -1 #xyz tv2 fid bid
           2.2500000000000000e+01  -1.1617107953819445e+00   1.1144022092005208e+01 #xyz tv0
           2.2500000000000000e+01  -6.8883018000000007e-01   1.1662983159999998e+01 #xyz tv1
           2.2500000000000000e+01  -1.2727922100000000e+00   1.1272792210000000e+01 320 -1 #xyz tv2 fid bid
           2.2500000000000000e+01  -1.1617107953819445e+00   1.1144022092005208e+01 #xyz ev0
           2.2500000000000000e+01  -1.2727922100000000e+00   1.1272792210000000e+01 -1 313 #xyz ev1 fid bid
   0   0.000000000000e+00   0.000000000000e+00   0.000000000000e+00 #flag location
END_ERR 
G3dErrFileVersion 2018P3.1
FlagFileMetaData Begin
   Mesh Size - Setup1, Refinement, Pass #1, Freq. 5.640000e+09 :Title    
   Listing of mesh elements with small segments. :ToolTip  
   hf3d :Author   
   1684435900 :TimeStamp
FlagFileMetaData End
BEGIN_ERR 
26 Small mesh segment detected on body : pecCap1
 Small mesh segment detected on body : pecCap1 
 Segment Statistics - Number of Segments : 1 --- Segment length(s) : 0.123882mm. The cutoff frequency for S-Matrix Only Solve is 2.99792458MHz 
3 -1  163  320  # nfids, fids[]
2 313  -1  # nbids, bids[]
      4 4 1 0 #ntets ntri ned npts
           2.2500000000000000e+01   8.6090250999999995e-01   2.2860902510000003e+01 #xyz tv0
           2.3000000000000000e+01   0.0000000000000000e+00   2.3800000000000001e+01 #xyz tv1
           2.2500000000000000e+01   7.5789809500000005e-01   2.2929727855000003e+01 #xyz tv2
           2.2500000000000000e+01   1.2727922100000000e+00   2.3272792210000006e+01 -1 313 #xyz tv3 fid bid
           2.2500000000000000e+01   8.6090250999999995e-01   2.2860902510000003e+01 #xyz tv0
           2.2500000000000000e+01   7.5789809500000005e-01   2.2929727855000003e+01 #xyz tv1
           2.3000000000000000e+01   0.0000000000000000e+00   2.3800000000000001e+01 #xyz tv2
           2.2500000000000000e+01   4.4901280999999998e-01   2.2449012809999999e+01 -1 313 #xyz tv3 fid bid
           2.2500000000000000e+01   8.6090250999999995e-01   2.2860902510000003e+01 #xyz tv0
           2.2500000000000000e+01   7.5789809500000005e-01   2.2929727855000003e+01 #xyz tv1
           2.1023521300000002e+01   1.2727922100000000e+00   2.3272792210000006e+01 #xyz tv2
           2.2500000000000000e+01   1.2727922100000000e+00   2.3272792210000006e+01 -1 313 #xyz tv3 fid bid
           2.2500000000000000e+01   8.6090250999999995e-01   2.2860902510000003e+01 #xyz tv0
           2.1023521300000002e+01   1.2727922100000000e+00   2.3272792210000006e+01 #xyz tv1
           2.2500000000000000e+01   7.5789809500000005e-01   2.2929727855000003e+01 #xyz tv2
           2.2500000000000000e+01   4.4901280999999998e-01   2.2449012809999999e+01 -1 313 #xyz tv3 fid bid
           2.2500000000000000e+01   4.4901280999999998e-01   2.2449012809999999e+01 #xyz tv0
           2.2500000000000000e+01   8.6090250999999995e-01   2.2860902510000003e+01 #xyz tv1
           2.2500000000000000e+01   7.5789809500000005e-01   2.2929727855000003e+01 163 -1 #xyz tv2 fid bid
           2.2500000000000000e+01   4.4901280999999998e-01   2.2449012809999999e+01 #xyz tv0
           2.2500000000000000e+01   8.6090250999999995e-01   2.2860902510000003e+01 #xyz tv1
           2.2500000000000000e+01   7.5789809500000005e-01   2.2929727855000003e+01 320 -1 #xyz tv2 fid bid
           2.2500000000000000e+01   8.6090250999999995e-01   2.2860902510000003e+01 #xyz tv0
           2.2500000000000000e+01   1.2727922100000000e+00   2.3272792210000006e+01 #xyz tv1
           2.2500000000000000e+01   7.5789809500000005e-01   2.2929727855000003e+01 163 -1 #xyz tv2 fid bid
           2.2500000000000000e+01   8.6090250999999995e-01   2.2860902510000003e+01 #xyz tv0
           2.2500000000000000e+01   1.2727922100000000e+00   2.3272792210000006e+01 #xyz tv1
           2.2500000000000000e+01   7.5789809500000005e-01   2.2929727855000003e+01 320 -1 #xyz tv2 fid bid
           2.2500000000000000e+01   8.6090250999999995e-01   2.2860902510000003e+01 #xyz ev0
           2.2500000000000000e+01   7.5789809500000005e-01   2.2929727855000003e+01 -1 313 #xyz ev1 fid bid
   0   0.000000000000e+00   0.000000000000e+00   0.000000000000e+00 #flag location
END_ERR 
G3dErrFileVersion 2018P3.1
FlagFileMetaData Begin
   Mesh Size - Setup1, Refinement, Pass #2, Freq. 5.640000e+09 :Title    
   Listing of mesh elements with small segments. :ToolTip  
   hf3d :Author   
   1684435902 :TimeStamp
FlagFileMetaData End
BEGIN_ERR 
26 Small mesh segment detected on body : pecCap1
 Small mesh segment detected on body : pecCap1 
 Segment Statistics - Number of Segments : 1 --- Segment length(s) : 0.137017mm. The cutoff frequency for S-Matrix Only Solve is 2.99792458MHz 
3 -1  163  320  # nfids, fids[]
2 313  -1  # nbids, bids[]
      4 4 1 0 #ntets ntri ned npts
           2.2500000000000000e+01  -6.3639610499999999e-01   2.0463603894999999e+01 #xyz tv0
           2.2500000000000000e+01  -6.8883018000000007e-01   2.0337016840000000e+01 #xyz tv1
           2.3000000000000000e+01  -6.8883018000000007e-01   2.0337016840000000e+01 #xyz tv2
           2.2500000000000000e+01   0.0000000000000000e+00   2.0199999999999999e+01 -1 313 #xyz tv3 fid bid
           2.2500000000000000e+01  -6.3639610499999999e-01   2.0463603894999999e+01 #xyz tv0
           2.3000000000000000e+01  -6.8883018000000007e-01   2.0337016840000000e+01 #xyz tv1
           2.2500000000000000e+01  -6.8883018000000007e-01   2.0337016840000000e+01 #xyz tv2
           2.2500000000000000e+01  -1.2727922100000000e+00   2.0727207790000001e+01 -1 313 #xyz tv3 fid bid
           2.2500000000000000e+01  -6.3639610499999999e-01   2.0463603894999999e+01 #xyz tv0
           2.1526721319972726e+01  -6.8883018000000007e-01   2.0337016840000000e+01 #xyz tv1
           2.2500000000000000e+01  -6.8883018000000007e-01   2.0337016840000000e+01 #xyz tv2
           2.2500000000000000e+01   0.0000000000000000e+00   2.0199999999999999e+01 -1 313 #xyz tv3 fid bid
           2.2500000000000000e+01  -6.3639610499999999e-01   2.0463603894999999e+01 #xyz tv0
           2.2500000000000000e+01  -6.8883018000000007e-01   2.0337016840000000e+01 #xyz tv1
           2.1526721319972726e+01  -6.8883018000000007e-01   2.0337016840000000e+01 #xyz tv2
           2.2500000000000000e+01  -1.2727922100000000e+00   2.0727207790000001e+01 -1 313 #xyz tv3 fid bid
           2.2500000000000000e+01   0.0000000000000000e+00   2.0199999999999999e+01 #xyz tv0
           2.2500000000000000e+01  -6.3639610499999999e-01   2.0463603894999999e+01 #xyz tv1
           2.2500000000000000e+01  -6.8883018000000007e-01   2.0337016840000000e+01 163 -1 #xyz tv2 fid bid
           2.2500000000000000e+01   0.0000000000000000e+00   2.0199999999999999e+01 #xyz tv0
           2.2500000000000000e+01  -6.3639610499999999e-01   2.0463603894999999e+01 #xyz tv1
           2.2500000000000000e+01  -6.8883018000000007e-01   2.0337016840000000e+01 320 -1 #xyz tv2 fid bid
           2.2500000000000000e+01  -6.3639610499999999e-01   2.0463603894999999e+01 #xyz tv0
           2.2500000000000000e+01  -1.2727922100000000e+00   2.0727207790000001e+01 #xyz tv1
           2.2500000000000000e+01  -6.8883018000000007e-01   2.0337016840000000e+01 163 -1 #xyz tv2 fid bid
           2.2500000000000000e+01  -6.3639610499999999e-01   2.0463603894999999e+01 #xyz tv0
           2.2500000000000000e+01  -1.2727922100000000e+00   2.0727207790000001e+01 #xyz tv1
           2.2500000000000000e+01  -6.8883018000000007e-01   2.0337016840000000e+01 320 -1 #xyz tv2 fid bid
           2.2500000000000000e+01  -6.3639610499999999e-01   2.0463603894999999e+01 #xyz ev0
           2.2500000000000000e+01  -6.8883018000000007e-01   2.0337016840000000e+01 -1 313 #xyz ev1 fid bid
   0   0.000000000000e+00   0.000000000000e+00   0.000000000000e+00 #flag location
END_ERR 
G3dErrFileVersion 2018P3.1
FlagFileMetaData Begin
   Mesh Size - Setup1, Refinement, Pass #3, Freq. 5.640000e+09 :Title    
   Listing of mesh elements with small segments. :ToolTip  
   hf3d :Author   
   1684435905 :TimeStamp
FlagFileMetaData End
BEGIN_ERR 
26 Small mesh segment detected on body : pecCap1
 Small mesh segment detected on body : pecCap1 
 Segment Statistics - Number of Segments : 1 --- Segment length(s) : 0.137017mm. The cutoff frequency for S-Matrix Only Solve is 2.99792458MHz 
3 -1  163  320  # nfids, fids[]
2 313  -1  # nbids, bids[]
      4 4 1 0 #ntets ntri ned npts
           2.2500000000000000e+01  -6.3639610499999999e-01   2.0463603894999999e+01 #xyz tv0
           2.2500000000000000e+01  -6.8883018000000007e-01   2.0337016840000000e+01 #xyz tv1
           2.3000000000000000e+01  -6.8883018000000007e-01   2.0337016840000000e+01 #xyz tv2
           2.2500000000000000e+01   0.0000000000000000e+00   2.0199999999999999e+01 -1 313 #xyz tv3 fid bid
           2.2500000000000000e+01  -6.3639610499999999e-01   2.0463603894999999e+01 #xyz tv0
           2.3000000000000000e+01  -6.8883018000000007e-01   2.0337016840000000e+01 #xyz tv1
           2.2500000000000000e+01  -6.8883018000000007e-01   2.0337016840000000e+01 #xyz tv2
           2.2500000000000000e+01  -1.2727922100000000e+00   2.0727207790000001e+01 -1 313 #xyz tv3 fid bid
           2.2500000000000000e+01  -6.3639610499999999e-01   2.0463603894999999e+01 #xyz tv0
           2.1526721319972726e+01  -6.8883018000000007e-01   2.0337016840000000e+01 #xyz tv1
           2.2500000000000000e+01  -6.8883018000000007e-01   2.0337016840000000e+01 #xyz tv2
           2.2500000000000000e+01   0.0000000000000000e+00   2.0199999999999999e+01 -1 313 #xyz tv3 fid bid
           2.2500000000000000e+01  -6.3639610499999999e-01   2.0463603894999999e+01 #xyz tv0
           2.2500000000000000e+01  -6.8883018000000007e-01   2.0337016840000000e+01 #xyz tv1
           2.1526721319972726e+01  -6.8883018000000007e-01   2.0337016840000000e+01 #xyz tv2
           2.2500000000000000e+01  -1.2727922100000000e+00   2.0727207790000001e+01 -1 313 #xyz tv3 fid bid
           2.2500000000000000e+01   0.0000000000000000e+00   2.0199999999999999e+01 #xyz tv0
           2.2500000000000000e+01  -6.3639610499999999e-01   2.0463603894999999e+01 #xyz tv1
           2.2500000000000000e+01  -6.8883018000000007e-01   2.0337016840000000e+01 163 -1 #xyz tv2 fid bid
           2.2500000000000000e+01   0.0000000000000000e+00   2.0199999999999999e+01 #xyz tv0
           2.2500000000000000e+01  -6.3639610499999999e-01   2.0463603894999999e+01 #xyz tv1
           2.2500000000000000e+01  -6.8883018000000007e-01   2.0337016840000000e+01 320 -1 #xyz tv2 fid bid
           2.2500000000000000e+01  -6.3639610499999999e-01   2.0463603894999999e+01 #xyz tv0
           2.2500000000000000e+01  -1.2727922100000000e+00   2.0727207790000001e+01 #xyz tv1
           2.2500000000000000e+01  -6.8883018000000007e-01   2.0337016840000000e+01 163 -1 #xyz tv2 fid bid
           2.2500000000000000e+01  -6.3639610499999999e-01   2.0463603894999999e+01 #xyz tv0
           2.2500000000000000e+01  -1.2727922100000000e+00   2.0727207790000001e+01 #xyz tv1
           2.2500000000000000e+01  -6.8883018000000007e-01   2.0337016840000000e+01 320 -1 #xyz tv2 fid bid
           2.2500000000000000e+01  -6.3639610499999999e-01   2.0463603894999999e+01 #xyz ev0
           2.2500000000000000e+01  -6.8883018000000007e-01   2.0337016840000000e+01 -1 313 #xyz ev1 fid bid
   0   0.000000000000e+00   0.000000000000e+00   0.000000000000e+00 #flag location
END_ERR 
G3dErrFileVersion 2018P3.1
FlagFileMetaData Begin
   Mesh Size - Setup1, Refinement, Pass #1, Freq. 5.640000e+09 :Title    
   Listing of mesh elements with small segments. :ToolTip  
   hf3d :Author   
   1684436001 :TimeStamp
FlagFileMetaData End
BEGIN_ERR 
26 Small mesh segment detected on body : pecCap1
 Small mesh segment detected on body : pecCap1 
 Segment Statistics - Number of Segments : 1 --- Segment length(s) : 0.100925mm. The cutoff frequency for S-Matrix Only Solve is 2.99792458MHz 
3 -1  163  320  # nfids, fids[]
2 313  -1  # nbids, bids[]
      4 4 1 0 #ntets ntri ned npts
           2.2500000000000000e+01   0.0000000000000000e+00   1.7364999999999998e+01 #xyz tv0
           2.2500000000000000e+01   6.0750995000000002e-02   1.6863092545000001e+01 #xyz tv1
           2.2500000000000000e+01   0.0000000000000000e+00   1.6782499999999999e+01 #xyz tv2
           2.2680488898026319e+01  -2.1106044473684128e-02   1.7088725705624995e+01 -1 313 #xyz tv3 fid bid
           2.2500000000000000e+01   0.0000000000000000e+00   1.7364999999999998e+01 #xyz tv0
           2.2500000000000000e+01   0.0000000000000000e+00   1.6782499999999999e+01 #xyz tv1
           2.2500000000000000e+01   6.0750995000000002e-02   1.6863092545000001e+01 #xyz tv2
           2.2159555714077012e+01   1.4617005186752161e-01   1.7007140859215813e+01 -1 313 #xyz tv3 fid bid
           2.2500000000000000e+01   0.0000000000000000e+00   1.6782499999999999e+01 #xyz tv0
           2.2500000000000000e+01   6.0750995000000002e-02   1.6863092545000001e+01 #xyz tv1
           2.2500000000000000e+01   3.4441509000000003e-01   1.6851008419999999e+01 #xyz tv2
           2.2680488898026319e+01  -2.1106044473684128e-02   1.7088725705624995e+01 -1 313 #xyz tv3 fid bid
           2.2500000000000000e+01   0.0000000000000000e+00   1.6782499999999999e+01 #xyz tv0
           2.2500000000000000e+01   3.4441509000000003e-01   1.6851008419999999e+01 #xyz tv1
           2.2500000000000000e+01   6.0750995000000002e-02   1.6863092545000001e+01 #xyz tv2
           2.2159555714077012e+01   1.4617005186752161e-01   1.7007140859215813e+01 -1 313 #xyz tv3 fid bid
           2.2500000000000000e+01   0.0000000000000000e+00   1.7364999999999998e+01 #xyz tv0
           2.2500000000000000e+01   0.0000000000000000e+00   1.6782499999999999e+01 #xyz tv1
           2.2500000000000000e+01   6.0750995000000002e-02   1.6863092545000001e+01 163 -1 #xyz tv2 fid bid
           2.2500000000000000e+01   0.0000000000000000e+00   1.7364999999999998e+01 #xyz tv0
           2.2500000000000000e+01   0.0000000000000000e+00   1.6782499999999999e+01 #xyz tv1
           2.2500000000000000e+01   6.0750995000000002e-02   1.6863092545000001e+01 320 -1 #xyz tv2 fid bid
           2.2500000000000000e+01   0.0000000000000000e+00   1.6782499999999999e+01 #xyz tv0
           2.2500000000000000e+01   3.4441509000000003e-01   1.6851008419999999e+01 #xyz tv1
           2.2500000000000000e+01   6.0750995000000002e-02   1.6863092545000001e+01 163 -1 #xyz tv2 fid bid
           2.2500000000000000e+01   0.0000000000000000e+00   1.6782499999999999e+01 #xyz tv0
           2.2500000000000000e+01   3.4441509000000003e-01   1.6851008419999999e+01 #xyz tv1
