G3dErrFileVersion 2018P3.1
FlagFileMetaData Begin
   Mesh Size - Setup1, Refinement, Pass #1, Freq. 5.000000e+09 :Title    
   Listing of mesh elements with small segments. :ToolTip  
   hf3d :Author   
   1684385195 :TimeStamp
FlagFileMetaData End
BEGIN_ERR 
26 Small mesh segment detected on body : cap
 Small mesh segment detected on body : cap 
 Segment Statistics - Number of Segments : 1 --- Segment length(s) : 0.122907mm. The cutoff frequency for S-Matrix Only Solve is 31.5571008421053MHz 
3 -1  113  174  # nfids, fids[]
2 171  -1  # nbids, bids[]
      4 4 1 0 #ntets ntri ned npts
          -4.2095177499999997e-01  -4.0000000000000000e+00   1.8437325150000001e+00 #xyz tv0
          -5.4149705500000000e-01  -4.0000000000000000e+00   1.8677104600000003e+00 #xyz tv1
           7.9265625000000051e-01  -4.3962187500000001e+00   2.0652812499999995e+00 #xyz tv2
          -8.4190354999999995e-01  -4.0000000000000000e+00   1.1424650300000001e+00 -1 171 #xyz tv3 fid bid
          -4.2095177499999997e-01  -4.0000000000000000e+00   1.8437325150000001e+00 #xyz tv0
           7.9265625000000051e-01  -4.3962187500000001e+00   2.0652812499999995e+00 #xyz tv1
          -5.4149705500000000e-01  -4.0000000000000000e+00   1.8677104600000003e+00 #xyz tv2
           0.0000000000000000e+00  -4.0000000000000000e+00   2.5449999999999999e+00 -1 171 #xyz tv3 fid bid
          -4.2095177499999997e-01  -4.0000000000000000e+00   1.8437325150000001e+00 #xyz tv0
           8.4190354999999995e-01  -3.2071488721225689e+00   1.1424650300000001e+00 #xyz tv1
          -5.4149705500000000e-01  -4.0000000000000000e+00   1.8677104600000003e+00 #xyz tv2
          -8.4190354999999995e-01  -4.0000000000000000e+00   1.1424650300000001e+00 -1 171 #xyz tv3 fid bid
          -4.2095177499999997e-01  -4.0000000000000000e+00   1.8437325150000001e+00 #xyz tv0
          -5.4149705500000000e-01  -4.0000000000000000e+00   1.8677104600000003e+00 #xyz tv1
           8.4190354999999995e-01  -3.2071488721225689e+00   1.1424650300000001e+00 #xyz tv2
           0.0000000000000000e+00  -4.0000000000000000e+00   2.5449999999999999e+00 -1 171 #xyz tv3 fid bid
          -8.4190354999999995e-01  -4.0000000000000000e+00   1.1424650300000001e+00 #xyz tv0
          -4.2095177499999997e-01  -4.0000000000000000e+00   1.8437325150000001e+00 #xyz tv1
          -5.4149705500000000e-01  -4.0000000000000000e+00   1.8677104600000003e+00 113 -1 #xyz tv2 fid bid
          -8.4190354999999995e-01  -4.0000000000000000e+00   1.1424650300000001e+00 #xyz tv0
          -4.2095177499999997e-01  -4.0000000000000000e+00   1.8437325150000001e+00 #xyz tv1
          -5.4149705500000000e-01  -4.0000000000000000e+00   1.8677104600000003e+00 174 -1 #xyz tv2 fid bid
          -4.2095177499999997e-01  -4.0000000000000000e+00   1.8437325150000001e+00 #xyz tv0
           0.0000000000000000e+00  -4.0000000000000000e+00   2.5449999999999999e+00 #xyz tv1
          -5.4149705500000000e-01  -4.0000000000000000e+00   1.8677104600000003e+00 113 -1 #xyz tv2 fid bid
          -4.2095177499999997e-01  -4.0000000000000000e+00   1.8437325150000001e+00 #xyz tv0
           0.0000000000000000e+00  -4.0000000000000000e+00   2.5449999999999999e+00 #xyz tv1
          -5.4149705500000000e-01  -4.0000000000000000e+00   1.8677104600000003e+00 174 -1 #xyz tv2 fid bid
          -4.2095177499999997e-01  -4.0000000000000000e+00   1.8437325150000001e+00 #xyz ev0
          -5.4149705500000000e-01  -4.0000000000000000e+00   1.8677104600000003e+00 -1 171 #xyz ev1 fid bid
   0   0.000000000000e+00   0.000000000000e+00   0.000000000000e+00 #flag location
END_ERR 
G3dErrFileVersion 2018P3.1
FlagFileMetaData Begin
   Mesh Size - Setup1, Refinement, Pass #2, Freq. 5.000000e+09 :Title    
   Listing of mesh elements with small segments. :ToolTip  
   hf3d :Author   
   1684385197 :TimeStamp
FlagFileMetaData End
BEGIN_ERR 
26 Small mesh segment detected on body : inner_conductor
 Small mesh segment detected on body : inner_conductor 
 Segment Statistics - Number of Segments : 1 --- Segment length(s) : 0.167778mm. The cutoff frequency for S-Matrix Only Solve is 31.5571008421053MHz 
4 -1  90  139  91  # nfids, fids[]
2 136  -1  # nbids, bids[]
      7 4 1 0 #ntets ntri ned npts
           6.2999999999999989e-01  -5.3658750000000000e-01   3.1749999999999998e+00 #xyz tv0
           3.0405591999999992e-01   0.0000000000000000e+00   3.4790559200000013e+00 #xyz tv1
           1.6455388000000001e-01   0.0000000000000000e+00   3.5722681999999994e+00 #xyz tv2
          -3.8618065524193584e-02  -7.2008956760595566e-01   3.2000540273185485e+00 -1 136 #xyz tv3 fid bid
           1.6455388000000001e-01   0.0000000000000000e+00   3.5722681999999994e+00 #xyz tv0
           3.0405591999999992e-01   0.0000000000000000e+00   3.4790559200000013e+00 #xyz tv1
           3.9726820000000002e-01   0.0000000000000000e+00   3.3395538799999995e+00 #xyz tv2
          -3.8618065524193584e-02  -7.2008956760595566e-01   3.2000540273185485e+00 -1 136 #xyz tv3 fid bid
           4.4547727000000004e-01  -7.8649288942554352e-01   3.6204772699999994e+00 #xyz tv0
           1.6455388000000001e-01   0.0000000000000000e+00   3.5722681999999994e+00 #xyz tv1
           6.2999999999999989e-01  -5.3658750000000000e-01   3.1749999999999998e+00 #xyz tv2
           3.0405591999999992e-01   0.0000000000000000e+00   3.4790559200000013e+00 -1 136 #xyz tv3 fid bid
           3.9726820000000002e-01   6.9666284484036389e-01   3.3395538799999995e+00 #xyz tv0
           1.6455388000000001e-01   0.0000000000000000e+00   3.5722681999999994e+00 #xyz tv1
           3.0405591999999992e-01   0.0000000000000000e+00   3.4790559200000013e+00 #xyz tv2
           3.9726820000000002e-01   0.0000000000000000e+00   3.3395538799999995e+00 -1 136 #xyz tv3 fid bid
           4.4547727000000004e-01  -7.8649288942554352e-01   3.6204772699999994e+00 #xyz tv0
           1.6455388000000001e-01   0.0000000000000000e+00   3.5722681999999994e+00 #xyz tv1
           3.0405591999999992e-01   0.0000000000000000e+00   3.4790559200000013e+00 #xyz tv2
           2.4109056000000001e-01   0.0000000000000000e+00   3.7570441099999998e+00 -1 136 #xyz tv3 fid bid
           3.0405591999999992e-01   2.7474728849441427e-01   3.4790559200000013e+00 #xyz tv0
           3.0405591999999992e-01   0.0000000000000000e+00   3.4790559200000013e+00 #xyz tv1
           3.9726820000000002e-01   6.9666284484036389e-01   3.3395538799999995e+00 #xyz tv2
           1.6455388000000001e-01   0.0000000000000000e+00   3.5722681999999994e+00 -1 136 #xyz tv3 fid bid
           3.0405591999999992e-01   2.7474728849441427e-01   3.4790559200000013e+00 #xyz tv0
           2.4109056000000001e-01   0.0000000000000000e+00   3.7570441099999998e+00 #xyz tv1
           3.0405591999999992e-01   0.0000000000000000e+00   3.4790559200000013e+00 #xyz tv2
           1.6455388000000001e-01   0.0000000000000000e+00   3.5722681999999994e+00 -1 136 #xyz tv3 fid bid
           3.0405591999999992e-01   2.7474728849441427e-01   3.4790559200000013e+00 #xyz tv0
           3.0405591999999992e-01   0.0000000000000000e+00   3.4790559200000013e+00 #xyz tv1
           1.6455388000000001e-01   0.0000000000000000e+00   3.5722681999999994e+00 90 -1 #xyz tv2 fid bid
           3.0405591999999992e-01   0.0000000000000000e+00   3.4790559200000013e+00 #xyz tv0
           2.4109056000000001e-01   0.0000000000000000e+00   3.7570441099999998e+00 #xyz tv1
           1.6455388000000001e-01   0.0000000000000000e+00   3.5722681999999994e+00 139 -1 #xyz tv2 fid bid
           3.0405591999999992e-01   0.0000000000000000e+00   3.4790559200000013e+00 #xyz tv0
           1.6455388000000001e-01   0.0000000000000000e+00   3.5722681999999994e+00 #xyz tv1
           3.9726820000000002e-01   0.0000000000000000e+00   3.3395538799999995e+00 91 -1 #xyz tv2 fid bid
           3.0405591999999992e-01   0.0000000000000000e+00   3.4790559200000013e+00 #xyz tv0
           1.6455388000000001e-01   0.0000000000000000e+00   3.5722681999999994e+00 #xyz tv1
           3.9726820000000002e-01   0.0000000000000000e+00   3.3395538799999995e+00 139 -1 #xyz tv2 fid bid
           3.0405591999999992e-01   0.0000000000000000e+00   3.4790559200000013e+00 #xyz ev0
           1.6455388000000001e-01   0.0000000000000000e+00   3.5722681999999994e+00 -1 136 #xyz ev1 fid bid
   0   0.000000000000e+00   0.000000000000e+00   0.000000000000e+00 #flag location
END_ERR 
G3dErrFileVersion 2018P3.1
FlagFileMetaData Begin
   Mesh Size - Setup1, Refinement, Pass #1, Freq. 5.000000e+09 :Title    
   Listing of mesh elements with small segments. :ToolTip  
   hf3d :Author   
   1684385714 :TimeStamp
FlagFileMetaData End
BEGIN_ERR 
26 Small mesh segment detected on body : cap
 Small mesh segment detected on body : cap 
 Segment Statistics - Number of Segments : 1 --- Segment length(s) : 0.122907mm. The cutoff frequency for S-Matrix Only Solve is 31.5571008421053MHz 
3 -1  113  174  # nfids, fids[]
2 171  -1  # nbids, bids[]
      4 4 1 0 #ntets ntri ned npts
          -4.2095177499999997e-01  -4.0000000000000000e+00   1.8437325150000001e+00 #xyz tv0
          -5.4149705500000000e-01  -4.0000000000000000e+00   1.8677104600000003e+00 #xyz tv1
           7.9265625000000051e-01  -4.3962187500000001e+00   2.0652812499999995e+00 #xyz tv2
          -8.4190354999999995e-01  -4.0000000000000000e+00   1.1424650300000001e+00 -1 171 #xyz tv3 fid bid
          -4.2095177499999997e-01  -4.0000000000000000e+00   1.8437325150000001e+00 #xyz tv0
           7.9265625000000051e-01  -4.3962187500000001e+00   2.0652812499999995e+00 #xyz tv1
          -5.4149705500000000e-01  -4.0000000000000000e+00   1.8677104600000003e+00 #xyz tv2
           0.0000000000000000e+00  -4.0000000000000000e+00   2.5449999999999999e+00 -1 171 #xyz tv3 fid bid
          -4.2095177499999997e-01  -4.0000000000000000e+00   1.8437325150000001e+00 #xyz tv0
           8.4190354999999995e-01  -3.2071488721225689e+00   1.1424650300000001e+00 #xyz tv1
          -5.4149705500000000e-01  -4.0000000000000000e+00   1.8677104600000003e+00 #xyz tv2
          -8.4190354999999995e-01  -4.0000000000000000e+00   1.1424650300000001e+00 -1 171 #xyz tv3 fid bid
          -4.2095177499999997e-01  -4.0000000000000000e+00   1.8437325150000001e+00 #xyz tv0
          -5.4149705500000000e-01  -4.0000000000000000e+00   1.8677104600000003e+00 #xyz tv1
           8.4190354999999995e-01  -3.2071488721225689e+00   1.1424650300000001e+00 #xyz tv2
           0.0000000000000000e+00  -4.0000000000000000e+00   2.5449999999999999e+00 -1 171 #xyz tv3 fid bid
          -8.4190354999999995e-01  -4.0000000000000000e+00   1.1424650300000001e+00 #xyz tv0
          -4.2095177499999997e-01  -4.0000000000000000e+00   1.8437325150000001e+00 #xyz tv1
          -5.4149705500000000e-01  -4.0000000000000000e+00   1.8677104600000003e+00 113 -1 #xyz tv2 fid bid
          -8.4190354999999995e-01  -4.0000000000000000e+00   1.1424650300000001e+00 #xyz tv0
          -4.2095177499999997e-01  -4.0000000000000000e+00   1.8437325150000001e+00 #xyz tv1
          -5.4149705500000000e-01  -4.0000000000000000e+00   1.8677104600000003e+00 174 -1 #xyz tv2 fid bid
          -4.2095177499999997e-01  -4.0000000000000000e+00   1.8437325150000001e+00 #xyz tv0
           0.0000000000000000e+00  -4.0000000000000000e+00   2.5449999999999999e+00 #xyz tv1
          -5.4149705500000000e-01  -4.0000000000000000e+00   1.8677104600000003e+00 113 -1 #xyz tv2 fid bid
          -4.2095177499999997e-01  -4.0000000000000000e+00   1.8437325150000001e+00 #xyz tv0
           0.0000000000000000e+00  -4.0000000000000000e+00   2.5449999999999999e+00 #xyz tv1
          -5.4149705500000000e-01  -4.0000000000000000e+00   1.8677104600000003e+00 174 -1 #xyz tv2 fid bid
          -4.2095177499999997e-01  -4.0000000000000000e+00   1.8437325150000001e+00 #xyz ev0
          -5.4149705500000000e-01  -4.0000000000000000e+00   1.8677104600000003e+00 -1 171 #xyz ev1 fid bid
   0   0.000000000000e+00   0.000000000000e+00   0.000000000000e+00 #flag location
END_ERR 
G3dErrFileVersion 2018P3.1
FlagFileMetaData Begin
   Mesh Size - Setup1, Refinement, Pass #2, Freq. 5.000000e+09 :Title    
   Listing of mesh elements with small segments. :ToolTip  
   hf3d :Author   
   1684385717 :TimeStamp
FlagFileMetaData End
BEGIN_ERR 
26 Small mesh segment detected on body : inner_conductor
 Small mesh segment detected on body : inner_conductor 
 Segment Statistics - Number of Segments : 1 --- Segment length(s) : 0.167778mm. The cutoff frequency for S-Matrix Only Solve is 31.5571008421053MHz 
4 -1  90  139  91  # nfids, fids[]
2 136  -1  # nbids, bids[]
      7 4 1 0 #ntets ntri ned npts
           6.2999999999999989e-01  -5.3658750000000000e-01   3.1749999999999998e+00 #xyz tv0
           3.0405591999999992e-01   0.0000000000000000e+00   3.4790559200000013e+00 #xyz tv1
           1.6455388000000001e-01   0.0000000000000000e+00   3.5722681999999994e+00 #xyz tv2
          -3.8618065524193584e-02  -7.2008956760595566e-01   3.2000540273185485e+00 -1 136 #xyz tv3 fid bid
           1.6455388000000001e-01   0.0000000000000000e+00   3.5722681999999994e+00 #xyz tv0
           3.0405591999999992e-01   0.0000000000000000e+00   3.4790559200000013e+00 #xyz tv1
           3.9726820000000002e-01   0.0000000000000000e+00   3.3395538799999995e+00 #xyz tv2
          -3.8618065524193584e-02  -7.2008956760595566e-01   3.2000540273185485e+00 -1 136 #xyz tv3 fid bid
           4.4547727000000004e-01  -7.8649288942554352e-01   3.6204772699999994e+00 #xyz tv0
           1.6455388000000001e-01   0.0000000000000000e+00   3.5722681999999994e+00 #xyz tv1
           6.2999999999999989e-01  -5.3658750000000000e-01   3.1749999999999998e+00 #xyz tv2
           3.0405591999999992e-01   0.0000000000000000e+00   3.4790559200000013e+00 -1 136 #xyz tv3 fid bid
           3.9726820000000002e-01   6.9666284484036389e-01   3.3395538799999995e+00 #xyz tv0
           1.6455388000000001e-01   0.0000000000000000e+00   3.5722681999999994e+00 #xyz tv1
           3.0405591999999992e-01   0.0000000000000000e+00   3.4790559200000013e+00 #xyz tv2
           3.9726820000000002e-01   0.0000000000000000e+00   3.3395538799999995e+00 -1 136 #xyz tv3 fid bid
           4.4547727000000004e-01  -7.8649288942554352e-01   3.6204772699999994e+00 #xyz tv0
           1.6455388000000001e-01   0.0000000000000000e+00   3.5722681999999994e+00 #xyz tv1
           3.0405591999999992e-01   0.0000000000000000e+00   3.4790559200000013e+00 #xyz tv2
           2.4109056000000001e-01   0.0000000000000000e+00   3.7570441099999998e+00 -1 136 #xyz tv3 fid bid
           3.0405591999999992e-01   2.7474728849441427e-01   3.4790559200000013e+00 #xyz tv0
           3.0405591999999992e-01   0.0000000000000000e+00   3.4790559200000013e+00 #xyz tv1
           3.9726820000000002e-01   6.9666284484036389e-01   3.3395538799999995e+00 #xyz tv2
           1.6455388000000001e-01   0.0000000000000000e+00   3.5722681999999994e+00 -1 136 #xyz tv3 fid bid
           3.0405591999999992e-01   2.7474728849441427e-01   3.4790559200000013e+00 #xyz tv0
           2.4109056000000001e-01   0.0000000000000000e+00   3.7570441099999998e+00 #xyz tv1
           3.0405591999999992e-01   0.0000000000000000e+00   3.4790559200000013e+00 #xyz tv2
           1.6455388000000001e-01   0.0000000000000000e+00   3.5722681999999994e+00 -1 136 #xyz tv3 fid bid
           3.0405591999999992e-01   2.7474728849441427e-01   3.4790559200000013e+00 #xyz tv0
           3.0405591999999992e-01   0.0000000000000000e+00   3.4790559200000013e+00 #xyz tv1
           1.6455388000000001e-01   0.0000000000000000e+00   3.5722681999999994e+00 90 -1 #xyz tv2 fid bid
           3.0405591999999992e-01   0.0000000000000000e+00   3.4790559200000013e+00 #xyz tv0
           2.4109056000000001e-01   0.0000000000000000e+00   3.7570441099999998e+00 #xyz tv1
           1.6455388000000001e-01   0.0000000000000000e+00   3.5722681999999994e+00 139 -1 #xyz tv2 fid bid
           3.0405591999999992e-01   0.0000000000000000e+00   3.4790559200000013e+00 #xyz tv0
           1.6455388000000001e-01   0.0000000000000000e+00   3.5722681999999994e+00 #xyz tv1
           3.9726820000000002e-01   0.0000000000000000e+00   3.3395538799999995e+00 91 -1 #xyz tv2 fid bid
           3.0405591999999992e-01   0.0000000000000000e+00   3.4790559200000013e+00 #xyz tv0
           1.6455388000000001e-01   0.0000000000000000e+00   3.5722681999999994e+00 #xyz tv1
           3.9726820000000002e-01   0.0000000000000000e+00   3.3395538799999995e+00 139 -1 #xyz tv2 fid bid
           3.0405591999999992e-01   0.0000000000000000e+00   3.4790559200000013e+00 #xyz ev0
           1.6455388000000001e-01   0.0000000000000000e+00   3.5722681999999994e+00 -1 136 #xyz ev1 fid bid
   0   0.000000000000e+00   0.000000000000e+00   0.000000000000e+00 #flag location
END_ERR 
G3dErrFileVersion 2018P3.1
FlagFileMetaData Begin
   Mesh Size - Setup1, Refinement, Pass #2, Freq. 5.000000e+09 :Title    
   Listing of mesh elements with small segments. :ToolTip  
   hf3d :Author   
   1684389934 :TimeStamp
FlagFileMetaData End
BEGIN_ERR 
26 Small mesh segment detected on body : inner_conductor
 Small mesh segment detected on body : inner_conductor 
 Segment Statistics - Number of Segments : 1 --- Segment length(s) : 0.167778mm. The cutoff frequency for S-Matrix Only Solve is 31.5571008421053MHz 
4 -1  90  139  91  # nfids, fids[]
2 136  -1  # nbids, bids[]
      7 4 1 0 #ntets ntri ned npts
           6.2999999999999989e-01  -5.3658750000000000e-01   3.1749999999999998e+00 #xyz tv0
           3.0405591999999992e-01   0.0000000000000000e+00   3.4790559200000013e+00 #xyz tv1
           1.6455388000000001e-01   0.0000000000000000e+00   3.5722681999999994e+00 #xyz tv2
          -3.8618065524193584e-02  -7.2008956760595566e-01   3.2000540273185485e+00 -1 136 #xyz tv3 fid bid
           1.6455388000000001e-01   0.0000000000000000e+00   3.5722681999999994e+00 #xyz tv0
           3.0405591999999992e-01   0.0000000000000000e+00   3.4790559200000013e+00 #xyz tv1
           3.9726820000000002e-01   0.0000000000000000e+00   3.3395538799999995e+00 #xyz tv2
          -3.8618065524193584e-02  -7.2008956760595566e-01   3.2000540273185485e+00 -1 136 #xyz tv3 fid bid
           4.4547727000000004e-01  -7.8649288942554352e-01   3.6204772699999994e+00 #xyz tv0
           1.6455388000000001e-01   0.0000000000000000e+00   3.5722681999999994e+00 #xyz tv1
           6.2999999999999989e-01  -5.3658750000000000e-01   3.1749999999999998e+00 #xyz tv2
           3.0405591999999992e-01   0.0000000000000000e+00   3.4790559200000013e+00 -1 136 #xyz tv3 fid bid
           3.9726820000000002e-01   6.9666284484036389e-01   3.3395538799999995e+00 #xyz tv0
           1.6455388000000001e-01   0.0000000000000000e+00   3.5722681999999994e+00 #xyz tv1
           3.0405591999999992e-01   0.0000000000000000e+00   3.4790559200000013e+00 #xyz tv2
           3.9726820000000002e-01   0.0000000000000000e+00   3.3395538799999995e+00 -1 136 #xyz tv3 fid bid
           4.4547727000000004e-01  -7.8649288942554352e-01   3.6204772699999994e+00 #xyz tv0
           1.6455388000000001e-01   0.0000000000000000e+00   3.5722681999999994e+00 #xyz tv1
           3.0405591999999992e-01   0.0000000000000000e+00   3.4790559200000013e+00 #xyz tv2
           2.4109056000000001e-01   0.0000000000000000e+00   3.7570441099999998e+00 -1 136 #xyz tv3 fid bid
           3.0405591999999992e-01   2.7474728849441427e-01   3.4790559200000013e+00 #xyz tv0
           3.0405591999999992e-01   0.0000000000000000e+00   3.4790559200000013e+00 #xyz tv1
           3.9726820000000002e-01   6.9666284484036389e-01   3.3395538799999995e+00 #xyz tv2
           1.6455388000000001e-01   0.0000000000000000e+00   3.5722681999999994e+00 -1 136 #xyz tv3 fid bid
           3.0405591999999992e-01   2.7474728849441427e-01   3.4790559200000013e+00 #xyz tv0
           2.4109056000000001e-01   0.0000000000000000e+00   3.7570441099999998e+00 #xyz tv1
           3.0405591999999992e-01   0.0000000000000000e+00   3.4790559200000013e+00 #xyz tv2
           1.6455388000000001e-01   0.0000000000000000e+00   3.5722681999999994e+00 -1 136 #xyz tv3 fid bid
           3.0405591999999992e-01   2.7474728849441427e-01   3.4790559200000013e+00 #xyz tv0
           3.0405591999999992e-01   0.0000000000000000e+00   3.4790559200000013e+00 #xyz tv1
           1.6455388000000001e-01   0.0000000000000000e+00   3.5722681999999994e+00 90 -1 #xyz tv2 fid bid
           3.0405591999999992e-01   0.0000000000000000e+00   3.4790559200000013e+00 #xyz tv0
           2.4109056000000001e-01   0.0000000000000000e+00   3.7570441099999998e+00 #xyz tv1
           1.6455388000000001e-01   0.0000000000000000e+00   3.5722681999999994e+00 139 -1 #xyz tv2 fid bid
           3.0405591999999992e-01   0.0000000000000000e+00   3.4790559200000013e+00 #xyz tv0
           1.6455388000000001e-01   0.0000000000000000e+00   3.5722681999999994e+00 #xyz tv1
           3.9726820000000002e-01   0.0000000000000000e+00   3.3395538799999995e+00 91 -1 #xyz tv2 fid bid
           3.0405591999999992e-01   0.0000000000000000e+00   3.4790559200000013e+00 #xyz tv0
           1.6455388000000001e-01   0.0000000000000000e+00   3.5722681999999994e+00 #xyz tv1
           3.9726820000000002e-01   0.0000000000000000e+00   3.3395538799999995e+00 139 -1 #xyz tv2 fid bid
           3.0405591999999992e-01   0.0000000000000000e+00   3.4790559200000013e+00 #xyz ev0
           1.6455388000000001e-01   0.0000000000000000e+00   3.5722681999999994e+00 -1 136 #xyz ev1 fid bid
   0   0.000000000000e+00   0.000000000000e+00   0.000000000000e+00 #flag location
END_ERR 
G3dErrFileVersion 2018P3.1
FlagFileMetaData Begin
   Mesh Size - Setup1, Refinement, Pass #3, Freq. 5.000000e+09 :Title    
   Listing of mesh elements with small segments. :ToolTip  
   hf3d :Author   
   1684389937 :TimeStamp
FlagFileMetaData End
BEGIN_ERR 
26 Small mesh segment detected on body : inner_conductor
 Small mesh segment detected on body : inner_conductor 
 Segment Statistics - Number of Segments : 1 --- Segment length(s) : 0.167778mm. The cutoff frequency for S-Matrix Only Solve is 31.5571008421053MHz 
4 -1  90  139  91  # nfids, fids[]
2 136  -1  # nbids, bids[]
      6 4 1 0 #ntets ntri ned npts
           1.6455388000000001e-01   0.0000000000000000e+00   3.5722681999999994e+00 #xyz tv0
           3.0405591999999992e-01   0.0000000000000000e+00   3.4790559200000013e+00 #xyz tv1
           3.9726820000000002e-01   0.0000000000000000e+00   3.3395538799999995e+00 #xyz tv2
          -1.9186437902080314e-02  -7.2083012483809572e-01   3.2292924264233180e+00 -1 136 #xyz tv3 fid bid
           3.9726820000000002e-01   6.9666284484036389e-01   3.3395538799999995e+00 #xyz tv0
           1.6455388000000001e-01   0.0000000000000000e+00   3.5722681999999994e+00 #xyz tv1
           3.0405591999999992e-01   0.0000000000000000e+00   3.4790559200000013e+00 #xyz tv2
           3.9726820000000002e-01   0.0000000000000000e+00   3.3395538799999995e+00 -1 136 #xyz tv3 fid bid
          -1.9186437902080314e-02  -7.2083012483809572e-01   3.2292924264233180e+00 #xyz tv0
           3.0405591999999992e-01   0.0000000000000000e+00   3.4790559200000013e+00 #xyz tv1
           2.4109056000000001e-01  -7.4156875397206101e-01   3.7570441099999998e+00 #xyz tv2
           1.6455388000000001e-01   0.0000000000000000e+00   3.5722681999999994e+00 -1 136 #xyz tv3 fid bid
           3.0405591999999992e-01   2.7474728849441427e-01   3.4790559200000013e+00 #xyz tv0
           3.0405591999999992e-01   0.0000000000000000e+00   3.4790559200000013e+00 #xyz tv1
           3.9726820000000002e-01   6.9666284484036389e-01   3.3395538799999995e+00 #xyz tv2
           1.6455388000000001e-01   0.0000000000000000e+00   3.5722681999999994e+00 -1 136 #xyz tv3 fid bid
           4.4547727000000004e-01   0.0000000000000000e+00   3.6204772699999994e+00 #xyz tv0
           1.6455388000000001e-01   0.0000000000000000e+00   3.5722681999999994e+00 #xyz tv1
           2.4109056000000001e-01  -7.4156875397206101e-01   3.7570441099999998e+00 #xyz tv2
           3.0405591999999992e-01   0.0000000000000000e+00   3.4790559200000013e+00 -1 136 #xyz tv3 fid bid
           4.4547727000000004e-01   0.0000000000000000e+00   3.6204772699999994e+00 #xyz tv0
           3.0405591999999992e-01   2.7474728849441427e-01   3.4790559200000013e+00 #xyz tv1
           1.6455388000000001e-01   0.0000000000000000e+00   3.5722681999999994e+00 #xyz tv2
           3.0405591999999992e-01   0.0000000000000000e+00   3.4790559200000013e+00 -1 136 #xyz tv3 fid bid
           3.0405591999999992e-01   2.7474728849441427e-01   3.4790559200000013e+00 #xyz tv0
           3.0405591999999992e-01   0.0000000000000000e+00   3.4790559200000013e+00 #xyz tv1
           1.6455388000000001e-01   0.0000000000000000e+00   3.5722681999999994e+00 90 -1 #xyz tv2 fid bid
           4.4547727000000004e-01   0.0000000000000000e+00   3.6204772699999994e+00 #xyz tv0
           1.6455388000000001e-01   0.0000000000000000e+00   3.5722681999999994e+00 #xyz tv1
           3.0405591999999992e-01   0.0000000000000000e+00   3.4790559200000013e+00 139 -1 #xyz tv2 fid bid
           3.0405591999999992e-01   0.0000000000000000e+00   3.4790559200000013e+00 #xyz tv0
           1.6455388000000001e-01   0.0000000000000000e+00   3.5722681999999994e+00 #xyz tv1
           3.9726820000000002e-01   0.0000000000000000e+00   3.3395538799999995e+00 91 -1 #xyz tv2 fid bid
           3.0405591999999992e-01   0.0000000000000000e+00   3.4790559200000013e+00 #xyz tv0
           1.6455388000000001e-01   0.0000000000000000e+00   3.5722681999999994e+00 #xyz tv1
           3.9726820000000002e-01   0.0000000000000000e+00   3.3395538799999995e+00 139 -1 #xyz tv2 fid bid
           3.0405591999999992e-01   0.0000000000000000e+00   3.4790559200000013e+00 #xyz ev0
           1.6455388000000001e-01   0.0000000000000000e+00   3.5722681999999994e+00 -1 136 #xyz ev1 fid bid
   0   0.000000000000e+00   0.000000000000e+00   0.000000000000e+00 #flag location
END_ERR 
G3dErrFileVersion 2018P3.1
FlagFileMetaData Begin
   Mesh Size - Setup1, Refinement, Pass #1, Freq. 5.000000e+09 :Title    
   Listing of mesh elements with small segments. :ToolTip  
   hf3d :Author   
   1684390031 :TimeStamp
FlagFileMetaData End
BEGIN_ERR 
26 Small mesh segment detected on body : cap
 Small mesh segment detected on body : cap 
 Segment Statistics - Number of Segments : 1 --- Segment length(s) : 0.122907mm. The cutoff frequency for S-Matrix Only Solve is 31.5571008421053MHz 
3 -1  113  174  # nfids, fids[]
2 171  -1  # nbids, bids[]
      4 4 1 0 #ntets ntri ned npts
          -4.2095177499999997e-01  -4.0000000000000000e+00   1.8437325150000001e+00 #xyz tv0
          -5.4149705500000000e-01  -4.0000000000000000e+00   1.8677104600000003e+00 #xyz tv1
           7.9265625000000051e-01  -4.3962187500000001e+00   2.0652812499999995e+00 #xyz tv2
          -8.4190354999999995e-01  -4.0000000000000000e+00   1.1424650300000001e+00 -1 171 #xyz tv3 fid bid
          -4.2095177499999997e-01  -4.0000000000000000e+00   1.8437325150000001e+00 #xyz tv0
           7.9265625000000051e-01  -4.3962187500000001e+00   2.0652812499999995e+00 #xyz tv1
          -5.4149705500000000e-01  -4.0000000000000000e+00   1.8677104600000003e+00 #xyz tv2
           0.0000000000000000e+00  -4.0000000000000000e+00   2.5449999999999999e+00 -1 171 #xyz tv3 fid bid
          -4.2095177499999997e-01  -4.0000000000000000e+00   1.8437325150000001e+00 #xyz tv0
           8.4190354999999995e-01  -3.2071488721225689e+00   1.1424650300000001e+00 #xyz tv1
          -5.4149705500000000e-01  -4.0000000000000000e+00   1.8677104600000003e+00 #xyz tv2
          -8.4190354999999995e-01  -4.0000000000000000e+00   1.1424650300000001e+00 -1 171 #xyz tv3 fid bid
          -4.2095177499999997e-01  -4.0000000000000000e+00   1.8437325150000001e+00 #xyz tv0
          -5.4149705500000000e-01  -4.0000000000000000e+00   1.8677104600000003e+00 #xyz tv1
           8.4190354999999995e-01  -3.2071488721225689e+00   1.1424650300000001e+00 #xyz tv2
           0.0000000000000000e+00  -4.0000000000000000e+00   2.5449999999999999e+00 -1 171 #xyz tv3 fid bid
          -8.4190354999999995e-01  -4.0000000000000000e+00   1.1424650300000001e+00 #xyz tv0
          -4.2095177499999997e-01  -4.0000000000000000e+00   1.8437325150000001e+00 #xyz tv1
          -5.4149705500000000e-01  -4.0000000000000000e+00   1.8677104600000003e+00 113 -1 #xyz tv2 fid bid
          -8.4190354999999995e-01  -4.0000000000000000e+00   1.1424650300000001e+00 #xyz tv0
          -4.2095177499999997e-01  -4.0000000000000000e+00   1.8437325150000001e+00 #xyz tv1
          -5.4149705500000000e-01  -4.0000000000000000e+00   1.8677104600000003e+00 174 -1 #xyz tv2 fid bid
          -4.2095177499999997e-01  -4.0000000000000000e+00   1.8437325150000001e+00 #xyz tv0
           0.0000000000000000e+00  -4.0000000000000000e+00   2.5449999999999999e+00 #xyz tv1
          -5.4149705500000000e-01  -4.0000000000000000e+00   1.8677104600000003e+00 113 -1 #xyz tv2 fid bid
          -4.2095177499999997e-01  -4.0000000000000000e+00   1.8437325150000001e+00 #xyz tv0
           0.0000000000000000e+00  -4.0000000000000000e+00   2.5449999999999999e+00 #xyz tv1
          -5.4149705500000000e-01  -4.0000000000000000e+00   1.8677104600000003e+00 174 -1 #xyz tv2 fid bid
          -4.2095177499999997e-01  -4.0000000000000000e+00   1.8437325150000001e+00 #xyz ev0
          -5.4149705500000000e-01  -4.0000000000000000e+00   1.8677104600000003e+00 -1 171 #xyz ev1 fid bid
   0   0.000000000000e+00   0.000000000000e+00   0.000000000000e+00 #flag location
END_ERR 
G3dErrFileVersion 2018P3.1
FlagFileMetaData Begin
   Mesh Size - Setup1, Refinement, Pass #2, Freq. 5.000000e+09 :Title    
   Listing of mesh elements with small segments. :ToolTip  
   hf3d :Author   
   1684390033 :TimeStamp
FlagFileMetaData End
BEGIN_ERR 
26 Small mesh segment detected on body : inner_conductor
 Small mesh segment detected on body : inner_conductor 
 Segment Statistics - Number of Segments : 1 --- Segment length(s) : 0.167778mm. The cutoff frequency for S-Matrix Only Solve is 31.5571008421053MHz 
4 -1  90  139  91  # nfids, fids[]
2 136  -1  # nbids, bids[]
      7 4 1 0 #ntets ntri ned npts
           6.2999999999999989e-01  -5.3658750000000000e-01   3.1749999999999998e+00 #xyz tv0
           3.0405591999999992e-01   0.0000000000000000e+00   3.4790559200000013e+00 #xyz tv1
           1.6455388000000001e-01   0.0000000000000000e+00   3.5722681999999994e+00 #xyz tv2
          -3.8618065524193584e-02  -7.2008956760595566e-01   3.2000540273185485e+00 -1 136 #xyz tv3 fid bid
           1.6455388000000001e-01   0.0000000000000000e+00   3.5722681999999994e+00 #xyz tv0
           3.0405591999999992e-01   0.0000000000000000e+00   3.4790559200000013e+00 #xyz tv1
           3.9726820000000002e-01   0.0000000000000000e+00   3.3395538799999995e+00 #xyz tv2
          -3.8618065524193584e-02  -7.2008956760595566e-01   3.2000540273185485e+00 -1 136 #xyz tv3 fid bid
           4.4547727000000004e-01  -7.8649288942554352e-01   3.6204772699999994e+00 #xyz tv0
           1.6455388000000001e-01   0.0000000000000000e+00   3.5722681999999994e+00 #xyz tv1
           6.2999999999999989e-01  -5.3658750000000000e-01   3.1749999999999998e+00 #xyz tv2
           3.0405591999999992e-01   0.0000000000000000e+00   3.4790559200000013e+00 -1 136 #xyz tv3 fid bid
           3.9726820000000002e-01   6.9666284484036389e-01   3.3395538799999995e+00 #xyz tv0
           1.6455388000000001e-01   0.0000000000000000e+00   3.5722681999999994e+00 #xyz tv1
           3.0405591999999992e-01   0.0000000000000000e+00   3.4790559200000013e+00 #xyz tv2
           3.9726820000000002e-01   0.0000000000000000e+00   3.3395538799999995e+00 -1 136 #xyz tv3 fid bid
           4.4547727000000004e-01  -7.8649288942554352e-01   3.6204772699999994e+00 #xyz tv0
           1.6455388000000001e-01   0.0000000000000000e+00   3.5722681999999994e+00 #xyz tv1
           3.0405591999999992e-01   0.0000000000000000e+00   3.4790559200000013e+00 #xyz tv2
           2.4109056000000001e-01   0.0000000000000000e+00   3.7570441099999998e+00 -1 136 #xyz tv3 fid bid
           3.0405591999999992e-01   2.7474728849441427e-01   3.4790559200000013e+00 #xyz tv0
           3.0405591999999992e-01   0.0000000000000000e+00   3.4790559200000013e+00 #xyz tv1
           3.9726820000000002e-01   6.9666284484036389e-01   3.3395538799999995e+00 #xyz tv2
           1.6455388000000001e-01   0.0000000000000000e+00   3.5722681999999994e+00 -1 136 #xyz tv3 fid bid
           3.0405591999999992e-01   2.7474728849441427e-01   3.4790559200000013e+00 #xyz tv0
           2.4109056000000001e-01   0.0000000000000000e+00   3.7570441099999998e+00 #xyz tv1
           3.0405591999999992e-01   0.0000000000000000e+00   3.4790559200000013e+00 #xyz tv2
           1.6455388000000001e-01   0.0000000000000000e+00   3.5722681999999994e+00 -1 136 #xyz tv3 fid bid
           3.0405591999999992e-01   2.7474728849441427e-01   3.4790559200000013e+00 #xyz tv0
           3.0405591999999992e-01   0.0000000000000000e+00   3.4790559200000013e+00 #xyz tv1
           1.6455388000000001e-01   0.0000000000000000e+00   3.5722681999999994e+00 90 -1 #xyz tv2 fid bid
           3.0405591999999992e-01   0.0000000000000000e+00   3.4790559200000013e+00 #xyz tv0
           2.4109056000000001e-01   0.0000000000000000e+00   3.7570441099999998e+00 #xyz tv1
           1.6455388000000001e-01   0.0000000000000000e+00   3.5722681999999994e+00 139 -1 #xyz tv2 fid bid
           3.0405591999999992e-01   0.0000000000000000e+00   3.4790559200000013e+00 #xyz tv0
           1.6455388000000001e-01   0.0000000000000000e+00   3.5722681999999994e+00 #xyz tv1
           3.9726820000000002e-01   0.0000000000000000e+00   3.3395538799999995e+00 91 -1 #xyz tv2 fid bid
           3.0405591999999992e-01   0.0000000000000000e+00   3.4790559200000013e+00 #xyz tv0
           1.6455388000000001e-01   0.0000000000000000e+00   3.5722681999999994e+00 #xyz tv1
           3.9726820000000002e-01   0.0000000000000000e+00   3.3395538799999995e+00 139 -1 #xyz tv2 fid bid
           3.0405591999999992e-01   0.0000000000000000e+00   3.4790559200000013e+00 #xyz ev0
           1.6455388000000001e-01   0.0000000000000000e+00   3.5722681999999994e+00 -1 136 #xyz ev1 fid bid
   0   0.000000000000e+00   0.000000000000e+00   0.000000000000e+00 #flag location
END_ERR 
G3dErrFileVersion 2018P3.1
FlagFileMetaData Begin
   Mesh Size - Setup1, Refinement, Pass #1, Freq. 5.000000e+09 :Title    
   Listing of mesh elements with small segments. :ToolTip  
   hf3d :Author   
   1684391410 :TimeStamp
FlagFileMetaData End
BEGIN_ERR 
26 Small mesh segment detected on body : cap
 Small mesh segment detected on body : cap 
 Segment Statistics - Number of Segments : 1 --- Segment length(s) : 0.122907mm. The cutoff frequency for S-Matrix Only Solve is 31.5571008421053MHz 
3 -1  113  174  # nfids, fids[]
2 171  -1  # nbids, bids[]
      4 4 1 0 #ntets ntri ned npts
          -4.2095177499999997e-01  -4.0000000000000000e+00   1.8437325150000001e+00 #xyz tv0
          -5.4149705500000000e-01  -4.0000000000000000e+00   1.8677104600000003e+00 #xyz tv1
           7.9265625000000051e-01  -4.3962187500000001e+00   2.0652812499999995e+00 #xyz tv2
          -8.4190354999999995e-01  -4.0000000000000000e+00   1.1424650300000001e+00 -1 171 #xyz tv3 fid bid
          -4.2095177499999997e-01  -4.0000000000000000e+00   1.8437325150000001e+00 #xyz tv0
           7.9265625000000051e-01  -4.3962187500000001e+00   2.0652812499999995e+00 #xyz tv1
          -5.4149705500000000e-01  -4.0000000000000000e+00   1.8677104600000003e+00 #xyz tv2
           0.0000000000000000e+00  -4.0000000000000000e+00   2.5449999999999999e+00 -1 171 #xyz tv3 fid bid
          -4.2095177499999997e-01  -4.0000000000000000e+00   1.8437325150000001e+00 #xyz tv0
           8.4190354999999995e-01  -3.2071488721225689e+00   1.1424650300000001e+00 #xyz tv1
          -5.4149705500000000e-01  -4.0000000000000000e+00   1.8677104600000003e+00 #xyz tv2
          -8.4190354999999995e-01  -4.0000000000000000e+00   1.1424650300000001e+00 -1 171 #xyz tv3 fid bid
          -4.2095177499999997e-01  -4.0000000000000000e+00   1.8437325150000001e+00 #xyz tv0
          -5.4149705500000000e-01  -4.0000000000000000e+00   1.8677104600000003e+00 #xyz tv1
           8.4190354999999995e-01  -3.2071488721225689e+00   1.1424650300000001e+00 #xyz tv2
           0.0000000000000000e+00  -4.0000000000000000e+00   2.5449999999999999e+00 -1 171 #xyz tv3 fid bid
          -8.4190354999999995e-01  -4.0000000000000000e+00   1.1424650300000001e+00 #xyz tv0
          -4.2095177499999997e-01  -4.0000000000000000e+00   1.8437325150000001e+00 #xyz tv1
          -5.4149705500000000e-01  -4.0000000000000000e+00   1.8677104600000003e+00 113 -1 #xyz tv2 fid bid
          -8.4190354999999995e-01  -4.0000000000000000e+00   1.1424650300000001e+00 #xyz tv0
          -4.2095177499999997e-01  -4.0000000000000000e+00   1.8437325150000001e+00 #xyz tv1
          -5.4149705500000000e-01  -4.0000000000000000e+00   1.8677104600000003e+00 174 -1 #xyz tv2 fid bid
          -4.2095177499999997e-01  -4.0000000000000000e+00   1.8437325150000001e+00 #xyz tv0
           0.0000000000000000e+00  -4.0000000000000000e+00   2.5449999999999999e+00 #xyz tv1
          -5.4149705500000000e-01  -4.0000000000000000e+00   1.8677104600000003e+00 113 -1 #xyz tv2 fid bid
          -4.2095177499999997e-01  -4.0000000000000000e+00   1.8437325150000001e+00 #xyz tv0
           0.0000000000000000e+00  -4.0000000000000000e+00   2.5449999999999999e+00 #xyz tv1
          -5.4149705500000000e-01  -4.0000000000000000e+00   1.8677104600000003e+00 174 -1 #xyz tv2 fid bid
          -4.2095177499999997e-01  -4.0000000000000000e+00   1.8437325150000001e+00 #xyz ev0
          -5.4149705500000000e-01  -4.0000000000000000e+00   1.8677104600000003e+00 -1 171 #xyz ev1 fid bid
   0   0.000000000000e+00   0.000000000000e+00   0.000000000000e+00 #flag location
END_ERR 
G3dErrFileVersion 2018P3.1
FlagFileMetaData Begin
   Mesh Size - Setup1, Refinement, Pass #2, Freq. 5.000000e+09 :Title    
   Listing of mesh elements with small segments. :ToolTip  
   hf3d :Author   
   1684391412 :TimeStamp
FlagFileMetaData End
BEGIN_ERR 
26 Small mesh segment detected on body : inner_conductor
 Small mesh segment detected on body : inner_conductor 
 Segment Statistics - Number of Segments : 1 --- Segment length(s) : 0.167778mm. The cutoff frequency for S-Matrix Only Solve is 31.5571008421053MHz 
4 -1  90  139  91  # nfids, fids[]
2 136  -1  # nbids, bids[]
      7 4 1 0 #ntets ntri ned npts
           6.2999999999999989e-01  -5.3658750000000000e-01   3.1749999999999998e+00 #xyz tv0
           3.0405591999999992e-01   0.0000000000000000e+00   3.4790559200000013e+00 #xyz tv1
           1.6455388000000001e-01   0.0000000000000000e+00   3.5722681999999994e+00 #xyz tv2
          -3.8618065524193584e-02  -7.2008956760595566e-01   3.2000540273185485e+00 -1 136 #xyz tv3 fid bid
           1.6455388000000001e-01   0.0000000000000000e+00   3.5722681999999994e+00 #xyz tv0
           3.0405591999999992e-01   0.0000000000000000e+00   3.4790559200000013e+00 #xyz tv1
           3.9726820000000002e-01   0.0000000000000000e+00   3.3395538799999995e+00 #xyz tv2
          -3.8618065524193584e-02  -7.2008956760595566e-01   3.2000540273185485e+00 -1 136 #xyz tv3 fid bid
