G3dErrFileVersion 2018P3.1
FlagFileMetaData Begin
   Mesh Size - Setup1, Refinement, Pass #1, Freq. 5.640000e+09 :Title    
   Listing of mesh elements with small segments. :ToolTip  
   hf3d :Author   
   1684428136 :TimeStamp
FlagFileMetaData End
BEGIN_ERR 
26 Small mesh segment detected on body : sma_PTFE
 Small mesh segment detected on body : sma_PTFE 
 Segment Statistics - Number of Segments : 1 --- Segment length(s) : 0.123882mm. The cutoff frequency for S-Matrix Only Solve is 14.9896229MHz 
2 -1  17  # nfids, fids[]
2 15  -1  # nbids, bids[]
      4 2 1 0 #ntets ntri ned npts
           5.4054035000000011e-01   1.3049798400000001e+00   0.0000000000000000e+00 #xyz tv0
           6.4354476500000002e-01   1.2361544950000001e+00   0.0000000000000000e+00 #xyz tv1
           5.0271553253760559e-01   1.0937151913375214e+00   8.0573259426199229e-01 #xyz tv2
           8.3807672000000000e-01   2.0232961800000000e+00   0.0000000000000000e+00 -1 15 #xyz tv3 fid bid
           5.4054035000000011e-01   1.3049798400000001e+00   0.0000000000000000e+00 #xyz tv0
           5.0271553253760559e-01   1.0937151913375214e+00   8.0573259426199229e-01 #xyz tv1
           6.4354476500000002e-01   1.2361544950000001e+00   0.0000000000000000e+00 #xyz tv2
           2.4300398000000001e-01   5.8666350000000000e-01   0.0000000000000000e+00 -1 15 #xyz tv3 fid bid
           5.4054035000000011e-01   1.3049798400000001e+00   0.0000000000000000e+00 #xyz tv0
          -5.1249999999999973e-01  -3.1249999999999978e-01  -8.3750000000000013e-01 #xyz tv1
           6.4354476500000002e-01   1.2361544950000001e+00   0.0000000000000000e+00 #xyz tv2
           8.3807672000000000e-01   2.0232961800000000e+00   0.0000000000000000e+00 -1 15 #xyz tv3 fid bid
           5.4054035000000011e-01   1.3049798400000001e+00   0.0000000000000000e+00 #xyz tv0
           6.4354476500000002e-01   1.2361544950000001e+00   0.0000000000000000e+00 #xyz tv1
          -5.1249999999999973e-01  -3.1249999999999978e-01  -8.3750000000000013e-01 #xyz tv2
           2.4300398000000001e-01   5.8666350000000000e-01   0.0000000000000000e+00 -1 15 #xyz tv3 fid bid
           8.3807672000000000e-01   2.0232961800000000e+00   0.0000000000000000e+00 #xyz tv0
           5.4054035000000011e-01   1.3049798400000001e+00   0.0000000000000000e+00 #xyz tv1
           6.4354476500000002e-01   1.2361544950000001e+00   0.0000000000000000e+00 17 -1 #xyz tv2 fid bid
           5.4054035000000011e-01   1.3049798400000001e+00   0.0000000000000000e+00 #xyz tv0
           2.4300398000000001e-01   5.8666350000000000e-01   0.0000000000000000e+00 #xyz tv1
           6.4354476500000002e-01   1.2361544950000001e+00   0.0000000000000000e+00 17 -1 #xyz tv2 fid bid
           5.4054035000000011e-01   1.3049798400000001e+00   0.0000000000000000e+00 #xyz ev0
           6.4354476500000002e-01   1.2361544950000001e+00   0.0000000000000000e+00 -1 15 #xyz ev1 fid bid
   0   0.000000000000e+00   0.000000000000e+00   0.000000000000e+00 #flag location
END_ERR 
G3dErrFileVersion 2018P3.1
FlagFileMetaData Begin
   Mesh Size - Setup1, Refinement, Pass #2, Freq. 5.640000e+09 :Title    
   Listing of mesh elements with small segments. :ToolTip  
   hf3d :Author   
   1684428139 :TimeStamp
FlagFileMetaData End
BEGIN_ERR 
26 Small mesh segment detected on body : sma_PTFE
 Small mesh segment detected on body : sma_PTFE 
 Segment Statistics - Number of Segments : 1 --- Segment length(s) : 0.194196mm. The cutoff frequency for S-Matrix Only Solve is 14.9896229MHz 
2 -1  17  # nfids, fids[]
2 15  -1  # nbids, bids[]
      6 2 1 0 #ntets ntri ned npts
          -6.3500000000000001e-01   0.0000000000000000e+00   0.0000000000000000e+00 #xyz tv0
          -5.8666350000000000e-01  -2.4300398000000001e-01   1.1218007985001170e+00 #xyz tv1
          -8.1085820495770677e-01   8.2375927606412463e-02   0.0000000000000000e+00 #xyz tv2
          -6.3500000000000001e-01   0.0000000000000000e+00   1.4260382302876895e+00 -1 15 #xyz tv3 fid bid
          -6.3500000000000001e-01   0.0000000000000000e+00   1.4260382302876895e+00 #xyz tv0
          -5.8666350000000000e-01   2.4300398000000001e-01   1.2116427941466696e+00 #xyz tv1
          -8.1085820495770677e-01   8.2375927606412463e-02   0.0000000000000000e+00 #xyz tv2
          -6.3500000000000001e-01   0.0000000000000000e+00   0.0000000000000000e+00 -1 15 #xyz tv3 fid bid
          -6.3500000000000001e-01   0.0000000000000000e+00   0.0000000000000000e+00 #xyz tv0
          -8.1085820495770677e-01   8.2375927606412463e-02   0.0000000000000000e+00 #xyz tv1
          -5.8666350000000000e-01  -2.4300398000000001e-01   1.1218007985001170e+00 #xyz tv2
          -5.8666350000000000e-01  -2.4300398000000001e-01   0.0000000000000000e+00 -1 15 #xyz tv3 fid bid
          -8.1085820495770677e-01   8.2375927606412463e-02   0.0000000000000000e+00 #xyz tv0
          -6.3500000000000001e-01   0.0000000000000000e+00   0.0000000000000000e+00 #xyz tv1
          -5.8666350000000000e-01   2.4300398000000001e-01   1.2116427941466696e+00 #xyz tv2
          -5.8666350000000000e-01   2.4300398000000001e-01   0.0000000000000000e+00 -1 15 #xyz tv3 fid bid
          -5.8666350000000000e-01  -2.4300398000000001e-01   0.0000000000000000e+00 #xyz tv0
          -8.1085820495770677e-01   8.2375927606412463e-02   0.0000000000000000e+00 #xyz tv1
          -4.4677849849928375e-01  -1.8383720401570369e-01  -6.3498631462644306e-01 #xyz tv2
          -6.3500000000000001e-01   0.0000000000000000e+00   0.0000000000000000e+00 -1 15 #xyz tv3 fid bid
          -8.1085820495770677e-01   8.2375927606412463e-02   0.0000000000000000e+00 #xyz tv0
          -4.4677849849928375e-01  -1.8383720401570369e-01  -6.3498631462644306e-01 #xyz tv1
          -6.3500000000000001e-01   0.0000000000000000e+00   0.0000000000000000e+00 #xyz tv2
          -5.8666350000000000e-01   2.4300398000000001e-01   0.0000000000000000e+00 -1 15 #xyz tv3 fid bid
          -8.1085820495770677e-01   8.2375927606412463e-02   0.0000000000000000e+00 #xyz tv0
          -6.3500000000000001e-01   0.0000000000000000e+00   0.0000000000000000e+00 #xyz tv1
          -5.8666350000000000e-01   2.4300398000000001e-01   0.0000000000000000e+00 17 -1 #xyz tv2 fid bid
          -8.1085820495770677e-01   8.2375927606412463e-02   0.0000000000000000e+00 #xyz tv0
          -5.8666350000000000e-01  -2.4300398000000001e-01   0.0000000000000000e+00 #xyz tv1
          -6.3500000000000001e-01   0.0000000000000000e+00   0.0000000000000000e+00 17 -1 #xyz tv2 fid bid
          -8.1085820495770677e-01   8.2375927606412463e-02   0.0000000000000000e+00 #xyz ev0
          -6.3500000000000001e-01   0.0000000000000000e+00   0.0000000000000000e+00 -1 15 #xyz ev1 fid bid
   0   0.000000000000e+00   0.000000000000e+00   0.000000000000e+00 #flag location
END_ERR 
G3dErrFileVersion 2018P3.1
FlagFileMetaData Begin
   Mesh Size - Setup1, Refinement, Pass #1, Freq. 5.640000e+09 :Title    
   Listing of mesh elements with small segments. :ToolTip  
   hf3d :Author   
   1684428314 :TimeStamp
FlagFileMetaData End
BEGIN_ERR 
26 Small mesh segment detected on body : sma_PTFE
 Small mesh segment detected on body : sma_PTFE 
 Segment Statistics - Number of Segments : 1 --- Segment length(s) : 0.114257mm. The cutoff frequency for S-Matrix Only Solve is 14.9896229MHz 
2 -1  17  # nfids, fids[]
2 15  -1  # nbids, bids[]
      4 2 1 0 #ntets ntri ned npts
           5.4723730999999998e-01   1.3211477299999999e+00   0.0000000000000000e+00 #xyz tv0
           4.5407914249999998e-01   1.2549940225000000e+00  -4.6884418269643399e-19 #xyz tv1
           1.2150199000000000e-01   1.4058317500000004e+00   0.0000000000000000e+00 #xyz tv2
           6.0560829020089302e-01   8.3460369960937497e-01   2.6260405555006389e-01 -1 15 #xyz tv3 fid bid
           5.4723730999999998e-01   1.3211477299999999e+00   0.0000000000000000e+00 #xyz tv0
           1.2150199000000000e-01   1.4058317500000004e+00   0.0000000000000000e+00 #xyz tv1
           4.5407914249999998e-01   1.2549940225000000e+00  -4.6884418269643399e-19 #xyz tv2
           3.6070312500000012e-01   2.7210937500000026e-01  -1.1058593750000003e+00 -1 15 #xyz tv3 fid bid
           2.4300398000000001e-01   5.8666350000000000e-01   0.0000000000000000e+00 #xyz tv0
           4.5407914249999998e-01   1.2549940225000000e+00  -4.6884418269643399e-19 #xyz tv1
           5.4723730999999998e-01   1.3211477299999999e+00   0.0000000000000000e+00 #xyz tv2
           6.0560829020089302e-01   8.3460369960937497e-01   2.6260405555006389e-01 -1 15 #xyz tv3 fid bid
           2.4300398000000001e-01   5.8666350000000000e-01   0.0000000000000000e+00 #xyz tv0
           5.4723730999999998e-01   1.3211477299999999e+00   0.0000000000000000e+00 #xyz tv1
           4.5407914249999998e-01   1.2549940225000000e+00  -4.6884418269643399e-19 #xyz tv2
           3.6070312500000012e-01   2.7210937500000026e-01  -1.1058593750000003e+00 -1 15 #xyz tv3 fid bid
           2.4300398000000001e-01   5.8666350000000000e-01   0.0000000000000000e+00 #xyz tv0
           5.4723730999999998e-01   1.3211477299999999e+00   0.0000000000000000e+00 #xyz tv1
           4.5407914249999998e-01   1.2549940225000000e+00  -4.6884418269643399e-19 17 -1 #xyz tv2 fid bid
           5.4723730999999998e-01   1.3211477299999999e+00   0.0000000000000000e+00 #xyz tv0
           1.2150199000000000e-01   1.4058317500000004e+00   0.0000000000000000e+00 #xyz tv1
           4.5407914249999998e-01   1.2549940225000000e+00  -4.6884418269643399e-19 17 -1 #xyz tv2 fid bid
           5.4723730999999998e-01   1.3211477299999999e+00   0.0000000000000000e+00 #xyz ev0
           4.5407914249999998e-01   1.2549940225000000e+00  -4.6884418269643399e-19 -1 15 #xyz ev1 fid bid
   0   0.000000000000e+00   0.000000000000e+00   0.000000000000e+00 #flag location
END_ERR 
G3dErrFileVersion 2018P3.1
FlagFileMetaData Begin
   Mesh Size - Setup1, Refinement, Pass #2, Freq. 5.640000e+09 :Title    
   Listing of mesh elements with small segments. :ToolTip  
   hf3d :Author   
   1684428316 :TimeStamp
FlagFileMetaData End
BEGIN_ERR 
26 Small mesh segment detected on body : sma_PTFE
 Small mesh segment detected on body : sma_PTFE 
 Segment Statistics - Number of Segments : 1 --- Segment length(s) : 0.204731mm. The cutoff frequency for S-Matrix Only Solve is 14.9896229MHz 
2 -1  17  # nfids, fids[]
2 15  -1  # nbids, bids[]
      4 2 1 0 #ntets ntri ned npts
           5.4157771166420898e-01   1.3006974010072425e+00  -2.4844852257657725e-20 #xyz tv0
           3.8945467408685164e-01   1.1636817635406047e+00  -2.1694179604979724e-19 #xyz tv1
           2.4574350243227025e-01   1.3699092381730114e+00  -3.4889982045653695e-20 #xyz tv2
           5.6043911602852170e-01   9.1610908084840892e-01   2.9154508909335142e-01 -1 15 #xyz tv3 fid bid
           5.4157771166420898e-01   1.3006974010072425e+00  -2.4844852257657725e-20 #xyz tv0
           2.4574350243227025e-01   1.3699092381730114e+00  -3.4889982045653695e-20 #xyz tv1
           3.8945467408685164e-01   1.1636817635406047e+00  -2.1694179604979724e-19 #xyz tv2
           3.6070312500000012e-01   2.7210937500000026e-01  -1.1058593750000003e+00 -1 15 #xyz tv3 fid bid
           2.4300398000000001e-01   5.8666350000000000e-01   0.0000000000000000e+00 #xyz tv0
           3.8945467408685164e-01   1.1636817635406047e+00  -2.1694179604979724e-19 #xyz tv1
           5.4157771166420898e-01   1.3006974010072425e+00  -2.4844852257657725e-20 #xyz tv2
           5.6043911602852170e-01   9.1610908084840892e-01   2.9154508909335142e-01 -1 15 #xyz tv3 fid bid
           2.4300398000000001e-01   5.8666350000000000e-01   0.0000000000000000e+00 #xyz tv0
           5.4157771166420898e-01   1.3006974010072425e+00  -2.4844852257657725e-20 #xyz tv1
           3.8945467408685164e-01   1.1636817635406047e+00  -2.1694179604979724e-19 #xyz tv2
           3.6070312500000012e-01   2.7210937500000026e-01  -1.1058593750000003e+00 -1 15 #xyz tv3 fid bid
           2.4300398000000001e-01   5.8666350000000000e-01   0.0000000000000000e+00 #xyz tv0
           5.4157771166420898e-01   1.3006974010072425e+00  -2.4844852257657725e-20 #xyz tv1
           3.8945467408685164e-01   1.1636817635406047e+00  -2.1694179604979724e-19 17 -1 #xyz tv2 fid bid
           5.4157771166420898e-01   1.3006974010072425e+00  -2.4844852257657725e-20 #xyz tv0
           2.4574350243227025e-01   1.3699092381730114e+00  -3.4889982045653695e-20 #xyz tv1
           3.8945467408685164e-01   1.1636817635406047e+00  -2.1694179604979724e-19 17 -1 #xyz tv2 fid bid
           5.4157771166420898e-01   1.3006974010072425e+00  -2.4844852257657725e-20 #xyz ev0
           3.8945467408685164e-01   1.1636817635406047e+00  -2.1694179604979724e-19 -1 15 #xyz ev1 fid bid
   0   0.000000000000e+00   0.000000000000e+00   0.000000000000e+00 #flag location
END_ERR 
G3dErrFileVersion 2018P3.1
FlagFileMetaData Begin
   Mesh Size - Setup1, Refinement, Pass #1, Freq. 5.640000e+09 :Title    
   Listing of mesh elements with small segments. :ToolTip  
   hf3d :Author   
   1684428395 :TimeStamp
FlagFileMetaData End
BEGIN_ERR 
26 Small mesh segment detected on body : sma_PTFE
 Small mesh segment detected on body : sma_PTFE 
 Segment Statistics - Number of Segments : 1 --- Segment length(s) : 0.166788mm. The cutoff frequency for S-Matrix Only Solve is 14.9896229MHz 
2 -1  17  # nfids, fids[]
2 15  -1  # nbids, bids[]
      4 2 1 0 #ntets ntri ned npts
           6.0831377640092488e-01  -8.4374138790723641e-01   0.0000000000000000e+00 #xyz tv0
           4.5424245895935300e-01  -7.7986315261724115e-01   0.0000000000000000e+00 #xyz tv1
           4.4901281000000004e-01  -4.4901281000000004e-01   0.0000000000000000e+00 #xyz tv2
           8.7819255730769208e-01  -1.0300898930769238e+00   5.4277473558465295e-01 -1 15 #xyz tv3 fid bid
           6.0831377640092488e-01  -8.4374138790723641e-01   0.0000000000000000e+00 #xyz tv0
           4.4901281000000004e-01  -4.4901281000000004e-01   0.0000000000000000e+00 #xyz tv1
           4.5424245895935300e-01  -7.7986315261724115e-01   0.0000000000000000e+00 #xyz tv2
           6.8749999999999978e-01   9.6249999999999958e-01  -7.5249999999999995e-01 -1 15 #xyz tv3 fid bid
           2.2257199583741233e-01  -8.3773573046896455e-01   0.0000000000000000e+00 #xyz tv0
           4.5424245895935300e-01  -7.7986315261724115e-01   0.0000000000000000e+00 #xyz tv1
           6.0831377640092488e-01  -8.4374138790723641e-01   0.0000000000000000e+00 #xyz tv2
           8.7819255730769208e-01  -1.0300898930769238e+00   5.4277473558465295e-01 -1 15 #xyz tv3 fid bid
           2.2257199583741233e-01  -8.3773573046896455e-01   0.0000000000000000e+00 #xyz tv0
           6.0831377640092488e-01  -8.4374138790723641e-01   0.0000000000000000e+00 #xyz tv1
           4.5424245895935300e-01  -7.7986315261724115e-01   0.0000000000000000e+00 #xyz tv2
           6.8749999999999978e-01   9.6249999999999958e-01  -7.5249999999999995e-01 -1 15 #xyz tv3 fid bid
           2.2257199583741233e-01  -8.3773573046896455e-01   0.0000000000000000e+00 #xyz tv0
           6.0831377640092488e-01  -8.4374138790723641e-01   0.0000000000000000e+00 #xyz tv1
           4.5424245895935300e-01  -7.7986315261724115e-01   0.0000000000000000e+00 17 -1 #xyz tv2 fid bid
           6.0831377640092488e-01  -8.4374138790723641e-01   0.0000000000000000e+00 #xyz tv0
           4.4901281000000004e-01  -4.4901281000000004e-01   0.0000000000000000e+00 #xyz tv1
           4.5424245895935300e-01  -7.7986315261724115e-01   0.0000000000000000e+00 17 -1 #xyz tv2 fid bid
           6.0831377640092488e-01  -8.4374138790723641e-01   0.0000000000000000e+00 #xyz ev0
           4.5424245895935300e-01  -7.7986315261724115e-01   0.0000000000000000e+00 -1 15 #xyz ev1 fid bid
   0   0.000000000000e+00   0.000000000000e+00   0.000000000000e+00 #flag location
END_ERR 
G3dErrFileVersion 2018P3.1
FlagFileMetaData Begin
   Mesh Size - Setup1, Refinement, Pass #2, Freq. 5.640000e+09 :Title    
   Listing of mesh elements with small segments. :ToolTip  
   hf3d :Author   
   1684428397 :TimeStamp
FlagFileMetaData End
BEGIN_ERR 
26 Small mesh segment detected on body : sma_PTFE
 Small mesh segment detected on body : sma_PTFE 
 Segment Statistics - Number of Segments : 1 --- Segment length(s) : 0.219331mm. The cutoff frequency for S-Matrix Only Solve is 14.9896229MHz 
2 -1  17  # nfids, fids[]
2 15  -1  # nbids, bids[]
      5 2 1 0 #ntets ntri ned npts
           4.7071241342252368e-01  -1.2036116035840898e+00   0.0000000000000000e+00 #xyz tv0
           4.7445477677399367e-01  -8.2069518062106728e-01   0.0000000000000000e+00 #xyz tv1
           9.4600646032386371e-01  -8.2661429449613533e-01   6.2264525742847998e-01 #xyz tv2
           2.5517118992890864e-01  -8.2525701988838951e-01   0.0000000000000000e+00 -1 15 #xyz tv3 fid bid
           4.4901281000000004e-01  -4.4901281000000004e-01   0.0000000000000000e+00 #xyz tv0
           4.7445477677399367e-01  -8.2069518062106728e-01   0.0000000000000000e+00 #xyz tv1
           2.5517118992890864e-01  -8.2525701988838951e-01   0.0000000000000000e+00 #xyz tv2
           9.4600646032386371e-01  -8.2661429449613533e-01   6.2264525742847998e-01 -1 15 #xyz tv3 fid bid
           2.5517118992890864e-01  -8.2525701988838951e-01   0.0000000000000000e+00 #xyz tv0
           4.7445477677399367e-01  -8.2069518062106728e-01   0.0000000000000000e+00 #xyz tv1
          -7.1500000000000052e-01   8.2499999999999532e-02  -1.0275000000000007e+00 #xyz tv2
           4.7071241342252368e-01  -1.2036116035840898e+00   0.0000000000000000e+00 -1 15 #xyz tv3 fid bid
           4.4901281000000004e-01  -4.4901281000000004e-01   0.0000000000000000e+00 #xyz tv0
           2.5517118992890864e-01  -8.2525701988838951e-01   0.0000000000000000e+00 #xyz tv1
           4.7445477677399367e-01  -8.2069518062106728e-01   0.0000000000000000e+00 #xyz tv2
           6.8749999999999978e-01   9.6249999999999958e-01  -7.5249999999999995e-01 -1 15 #xyz tv3 fid bid
           2.5517118992890864e-01  -8.2525701988838951e-01   0.0000000000000000e+00 #xyz tv0
          -7.1500000000000052e-01   8.2499999999999532e-02  -1.0275000000000007e+00 #xyz tv1
           4.7445477677399367e-01  -8.2069518062106728e-01   0.0000000000000000e+00 #xyz tv2
           6.8749999999999978e-01   9.6249999999999958e-01  -7.5249999999999995e-01 -1 15 #xyz tv3 fid bid
           4.4901281000000004e-01  -4.4901281000000004e-01   0.0000000000000000e+00 #xyz tv0
           2.5517118992890864e-01  -8.2525701988838951e-01   0.0000000000000000e+00 #xyz tv1
           4.7445477677399367e-01  -8.2069518062106728e-01   0.0000000000000000e+00 17 -1 #xyz tv2 fid bid
           4.7071241342252368e-01  -1.2036116035840898e+00   0.0000000000000000e+00 #xyz tv0
           4.7445477677399367e-01  -8.2069518062106728e-01   0.0000000000000000e+00 #xyz tv1
           2.5517118992890864e-01  -8.2525701988838951e-01   0.0000000000000000e+00 17 -1 #xyz tv2 fid bid
           2.5517118992890864e-01  -8.2525701988838951e-01   0.0000000000000000e+00 #xyz ev0
           4.7445477677399367e-01  -8.2069518062106728e-01   0.0000000000000000e+00 -1 15 #xyz ev1 fid bid
   0   0.000000000000e+00   0.000000000000e+00   0.000000000000e+00 #flag location
END_ERR 
G3dErrFileVersion 2018P3.1
FlagFileMetaData Begin
   Mesh Size - Setup1, Refinement, Pass #1, Freq. 5.640000e+09 :Title    
   Listing of mesh elements with small segments. :ToolTip  
   hf3d :Author   
   1684428451 :TimeStamp
FlagFileMetaData End
BEGIN_ERR 
26 Small mesh segment detected on body : sma_inner_conductor
 Small mesh segment detected on body : sma_inner_conductor 
 Segment Statistics - Number of Segments : 1 --- Segment length(s) : 0.092626mm. The cutoff frequency for S-Matrix Only Solve is 14.9896229MHz 
2 -1  7  # nfids, fids[]
2 6  -1  # nbids, bids[]
      3 2 1 0 #ntets ntri ned npts
          -5.8666350000000000e-01   2.4300398000000001e-01   2.0000000000000000e+01 #xyz tv0
          -4.4901281000000004e-01   4.4901281000000004e-01   1.9907374391566165e+01 #xyz tv1
          -2.4300398000000001e-01   5.8666350000000000e-01   2.0000000000000000e+01 #xyz tv2
          -4.4901281000000004e-01   4.4901281000000004e-01   2.0000000000000000e+01 -1 6 #xyz tv3 fid bid
          -8.5312499999999969e-01   1.1156250000000003e+00   1.9778124999999999e+01 #xyz tv0
          -4.4901281000000004e-01   4.4901281000000004e-01   2.0000000000000000e+01 #xyz tv1
          -2.4300398000000001e-01   5.8666350000000000e-01   2.0000000000000000e+01 #xyz tv2
          -4.4901281000000004e-01   4.4901281000000004e-01   1.9907374391566165e+01 -1 6 #xyz tv3 fid bid
          -5.8666350000000000e-01   2.4300398000000001e-01   2.0000000000000000e+01 #xyz tv0
          -8.5312499999999969e-01   1.1156250000000003e+00   1.9778124999999999e+01 #xyz tv1
          -4.4901281000000004e-01   4.4901281000000004e-01   1.9907374391566165e+01 #xyz tv2
          -4.4901281000000004e-01   4.4901281000000004e-01   2.0000000000000000e+01 -1 6 #xyz tv3 fid bid
          -2.4300398000000001e-01   5.8666350000000000e-01   2.0000000000000000e+01 #xyz tv0
          -4.4901281000000004e-01   4.4901281000000004e-01   2.0000000000000000e+01 #xyz tv1
          -4.4901281000000004e-01   4.4901281000000004e-01   1.9907374391566165e+01 7 -1 #xyz tv2 fid bid
          -5.8666350000000000e-01   2.4300398000000001e-01   2.0000000000000000e+01 #xyz tv0
          -4.4901281000000004e-01   4.4901281000000004e-01   1.9907374391566165e+01 #xyz tv1
          -4.4901281000000004e-01   4.4901281000000004e-01   2.0000000000000000e+01 7 -1 #xyz tv2 fid bid
          -4.4901281000000004e-01   4.4901281000000004e-01   2.0000000000000000e+01 #xyz ev0
          -4.4901281000000004e-01   4.4901281000000004e-01   1.9907374391566165e+01 -1 6 #xyz ev1 fid bid
   0   0.000000000000e+00   0.000000000000e+00   0.000000000000e+00 #flag location
END_ERR 
G3dErrFileVersion 2018P3.1
FlagFileMetaData Begin
   Mesh Size - Setup1, Refinement, Pass #2, Freq. 5.640000e+09 :Title    
   Listing of mesh elements with small segments. :ToolTip  
   hf3d :Author   
   1684428454 :TimeStamp
FlagFileMetaData End
BEGIN_ERR 
26 Small mesh segment detected on body : sma_inner_conductor
 Small mesh segment detected on body : sma_inner_conductor 
 Segment Statistics - Number of Segments : 1 --- Segment length(s) : 0.092626mm. The cutoff frequency for S-Matrix Only Solve is 14.9896229MHz 
2 -1  7  # nfids, fids[]
2 6  -1  # nbids, bids[]
      3 2 1 0 #ntets ntri ned npts
          -5.8666350000000000e-01   2.4300398000000001e-01   2.0000000000000000e+01 #xyz tv0
          -4.4901281000000004e-01   4.4901281000000004e-01   1.9907374391566165e+01 #xyz tv1
          -2.4300398000000001e-01   5.8666350000000000e-01   2.0000000000000000e+01 #xyz tv2
          -4.4901281000000004e-01   4.4901281000000004e-01   2.0000000000000000e+01 -1 6 #xyz tv3 fid bid
          -8.5312499999999969e-01   1.1156250000000003e+00   1.9778124999999999e+01 #xyz tv0
          -4.4901281000000004e-01   4.4901281000000004e-01   2.0000000000000000e+01 #xyz tv1
          -2.4300398000000001e-01   5.8666350000000000e-01   2.0000000000000000e+01 #xyz tv2
          -4.4901281000000004e-01   4.4901281000000004e-01   1.9907374391566165e+01 -1 6 #xyz tv3 fid bid
          -5.8666350000000000e-01   2.4300398000000001e-01   2.0000000000000000e+01 #xyz tv0
          -8.5312499999999969e-01   1.1156250000000003e+00   1.9778124999999999e+01 #xyz tv1
          -4.4901281000000004e-01   4.4901281000000004e-01   1.9907374391566165e+01 #xyz tv2
          -4.4901281000000004e-01   4.4901281000000004e-01   2.0000000000000000e+01 -1 6 #xyz tv3 fid bid
          -2.4300398000000001e-01   5.8666350000000000e-01   2.0000000000000000e+01 #xyz tv0
          -4.4901281000000004e-01   4.4901281000000004e-01   2.0000000000000000e+01 #xyz tv1
          -4.4901281000000004e-01   4.4901281000000004e-01   1.9907374391566165e+01 7 -1 #xyz tv2 fid bid
          -5.8666350000000000e-01   2.4300398000000001e-01   2.0000000000000000e+01 #xyz tv0
          -4.4901281000000004e-01   4.4901281000000004e-01   1.9907374391566165e+01 #xyz tv1
          -4.4901281000000004e-01   4.4901281000000004e-01   2.0000000000000000e+01 7 -1 #xyz tv2 fid bid
          -4.4901281000000004e-01   4.4901281000000004e-01   2.0000000000000000e+01 #xyz ev0
          -4.4901281000000004e-01   4.4901281000000004e-01   1.9907374391566165e+01 -1 6 #xyz ev1 fid bid
   0   0.000000000000e+00   0.000000000000e+00   0.000000000000e+00 #flag location
END_ERR 
G3dErrFileVersion 2018P3.1
FlagFileMetaData Begin
   Mesh Size - Setup1, Refinement, Pass #1, Freq. 5.640000e+09 :Title    
   Listing of mesh elements with small segments. :ToolTip  
   hf3d :Author   
   1684431997 :TimeStamp
FlagFileMetaData End
BEGIN_ERR 
26 Small mesh segment detected on body : sma_PTFE
 Small mesh segment detected on body : sma_PTFE 
 Segment Statistics - Number of Segments : 1 --- Segment length(s) : 0.091520mm. The cutoff frequency for S-Matrix Only Solve is 14.9896229MHz 
2 -1  17  # nfids, fids[]
2 15  -1  # nbids, bids[]
      4 2 1 0 #ntets ntri ned npts
          -8.6736599000000014e-01   7.3206696500000001e-01   0.0000000000000000e+00 #xyz tv0
          -9.7207134249999994e-01   4.5442182999999997e-01   0.0000000000000000e+00 #xyz tv1
          -1.0624614649999999e+00   4.4008595000000006e-01   0.0000000000000000e+00 #xyz tv2
          -1.6629831600000000e+00   6.8883018000000007e-01   6.8980799999999953e-01 -1 15 #xyz tv3 fid bid
          -8.6736599000000014e-01   7.3206696500000001e-01   0.0000000000000000e+00 #xyz tv0
          -1.0624614649999999e+00   4.4008595000000006e-01   0.0000000000000000e+00 #xyz tv1
          -9.7207134249999994e-01   4.5442182999999997e-01   0.0000000000000000e+00 #xyz tv2
          -2.0800230626793231e-01   7.7825796114307322e-01  -4.0651832777462016e-01 -1 15 #xyz tv3 fid bid
          -1.0624614649999999e+00   4.4008595000000006e-01   0.0000000000000000e+00 #xyz tv0
          -9.7207134249999994e-01   4.5442182999999997e-01   0.0000000000000000e+00 #xyz tv1
          -4.6193977000000003e-01   1.9134172000000002e-01   0.0000000000000000e+00 #xyz tv2
          -1.6629831600000000e+00   6.8883018000000007e-01   6.8980799999999953e-01 -1 15 #xyz tv3 fid bid
          -1.0624614649999999e+00   4.4008595000000006e-01   0.0000000000000000e+00 #xyz tv0
          -4.6193977000000003e-01   1.9134172000000002e-01   0.0000000000000000e+00 #xyz tv1
          -9.7207134249999994e-01   4.5442182999999997e-01   0.0000000000000000e+00 #xyz tv2
          -2.0800230626793231e-01   7.7825796114307322e-01  -4.0651832777462016e-01 -1 15 #xyz tv3 fid bid
          -1.0624614649999999e+00   4.4008595000000006e-01   0.0000000000000000e+00 #xyz tv0
          -4.6193977000000003e-01   1.9134172000000002e-01   0.0000000000000000e+00 #xyz tv1
          -9.7207134249999994e-01   4.5442182999999997e-01   0.0000000000000000e+00 17 -1 #xyz tv2 fid bid
          -8.6736599000000014e-01   7.3206696500000001e-01   0.0000000000000000e+00 #xyz tv0
          -1.0624614649999999e+00   4.4008595000000006e-01   0.0000000000000000e+00 #xyz tv1
          -9.7207134249999994e-01   4.5442182999999997e-01   0.0000000000000000e+00 17 -1 #xyz tv2 fid bid
          -9.7207134249999994e-01   4.5442182999999997e-01   0.0000000000000000e+00 #xyz ev0
          -1.0624614649999999e+00   4.4008595000000006e-01   0.0000000000000000e+00 -1 15 #xyz ev1 fid bid
   0   0.000000000000e+00   0.000000000000e+00   0.000000000000e+00 #flag location
END_ERR 
G3dErrFileVersion 2018P3.1
FlagFileMetaData Begin
   Mesh Size - Setup1, Refinement, Pass #2, Freq. 5.640000e+09 :Title    
   Listing of mesh elements with small segments. :ToolTip  
   hf3d :Author   
   1684432000 :TimeStamp
FlagFileMetaData End
BEGIN_ERR 
26 Small mesh segment detected on body : sma_PTFE
 Small mesh segment detected on body : sma_PTFE 
 Segment Statistics - Number of Segments : 1 --- Segment length(s) : 0.096299mm. The cutoff frequency for S-Matrix Only Solve is 14.9896229MHz 
1 -1  # nfids, fids[]
1 15  # nbids, bids[]
      5 0 1 0 #ntets ntri ned npts
           5.0000000000000000e-01   0.0000000000000000e+00   3.7613185690054118e-01 #xyz tv0
           5.0000000000000000e-01   0.0000000000000000e+00   0.0000000000000000e+00 #xyz tv1
           5.6999999999999995e-01  -1.3877787807814457e-16   3.0999999999999894e-01 #xyz tv2
           4.6193977000000003e-01   1.9134172000000002e-01   0.0000000000000000e+00 -1 15 #xyz tv3 fid bid
           5.0000000000000000e-01   0.0000000000000000e+00   3.7613185690054118e-01 #xyz tv0
           4.6193977000000003e-01   1.9134172000000002e-01   7.8122182767187742e-01 #xyz tv1
           5.6999999999999995e-01  -1.3877787807814457e-16   3.0999999999999894e-01 #xyz tv2
           1.0764290971982668e+00  -3.2044906436231757e-02   7.6110968919141120e-01 -1 15 #xyz tv3 fid bid
           5.0000000000000000e-01   0.0000000000000000e+00   3.7613185690054118e-01 #xyz tv0
           4.6193977000000003e-01   1.9134172000000002e-01   7.8122182767187742e-01 #xyz tv1
           4.6193977000000003e-01   1.9134172000000002e-01   0.0000000000000000e+00 #xyz tv2
           5.6999999999999995e-01  -1.3877787807814457e-16   3.0999999999999894e-01 -1 15 #xyz tv3 fid bid
           4.6193977000000003e-01  -1.9134172000000002e-01   7.9115451272772153e-01 #xyz tv0
           5.0000000000000000e-01   0.0000000000000000e+00   0.0000000000000000e+00 #xyz tv1
           5.6999999999999995e-01  -1.3877787807814457e-16   3.0999999999999894e-01 #xyz tv2
           5.0000000000000000e-01   0.0000000000000000e+00   3.7613185690054118e-01 -1 15 #xyz tv3 fid bid
           4.6193977000000003e-01  -1.9134172000000002e-01   7.9115451272772153e-01 #xyz tv0
           5.0000000000000000e-01   0.0000000000000000e+00   3.7613185690054118e-01 #xyz tv1
           5.6999999999999995e-01  -1.3877787807814457e-16   3.0999999999999894e-01 #xyz tv2
           1.0764290971982668e+00  -3.2044906436231757e-02   7.6110968919141120e-01 -1 15 #xyz tv3 fid bid
           5.6999999999999995e-01  -1.3877787807814457e-16   3.0999999999999894e-01 #xyz ev0
           5.0000000000000000e-01   0.0000000000000000e+00   3.7613185690054118e-01 -1 15 #xyz ev1 fid bid
   0   0.000000000000e+00   0.000000000000e+00   0.000000000000e+00 #flag location
END_ERR 
G3dErrFileVersion 2018P3.1
FlagFileMetaData Begin
   Mesh Size - Setup1, Refinement, Pass #1, Freq. 5.640000e+09 :Title    
   Listing of mesh elements with small segments. :ToolTip  
   hf3d :Author   
   1684432040 :TimeStamp
FlagFileMetaData End
BEGIN_ERR 
26 Small mesh segment detected on body : sma_PTFE
 Small mesh segment detected on body : sma_PTFE 
 Segment Statistics - Number of Segments : 1 --- Segment length(s) : 0.071234mm. The cutoff frequency for S-Matrix Only Solve is 14.9896229MHz 
3 -1  7  40  # nfids, fids[]
2 15  -1  # nbids, bids[]
      4 4 1 0 #ntets ntri ned npts
           1.8177463000000002e-01   4.3884277999999999e-01   7.1234190630046865e-02 #xyz tv0
           0.0000000000000000e+00   4.7499999999999998e-01   2.0036571721136226e-01 #xyz tv1
           1.8177463000000002e-01   4.3884277999999999e-01   0.0000000000000000e+00 #xyz tv2
           4.4774593983311645e-01   6.9312282940577652e-01   0.0000000000000000e+00 -1 15 #xyz tv3 fid bid
           1.8177463000000002e-01   4.3884277999999999e-01   7.1234190630046865e-02 #xyz tv0
           1.8177463000000002e-01   4.3884277999999999e-01   0.0000000000000000e+00 #xyz tv1
           0.0000000000000000e+00   4.7499999999999998e-01   2.0036571721136226e-01 #xyz tv2
          -4.3884277999999999e-01   1.8177463000000002e-01   0.0000000000000000e+00 -1 15 #xyz tv3 fid bid
           1.8177463000000002e-01   4.3884277999999999e-01   7.1234190630046865e-02 #xyz tv0
           1.8177463000000002e-01   4.3884277999999999e-01   0.0000000000000000e+00 #xyz tv1
           3.3587572000000004e-01   3.3587572000000004e-01   0.0000000000000000e+00 #xyz tv2
           4.4774593983311645e-01   6.9312282940577652e-01   0.0000000000000000e+00 -1 15 #xyz tv3 fid bid
           1.8177463000000002e-01   4.3884277999999999e-01   7.1234190630046865e-02 #xyz tv0
           3.3587572000000004e-01   3.3587572000000004e-01   0.0000000000000000e+00 #xyz tv1
           1.8177463000000002e-01   4.3884277999999999e-01   0.0000000000000000e+00 #xyz tv2
          -4.3884277999999999e-01   1.8177463000000002e-01   0.0000000000000000e+00 -1 15 #xyz tv3 fid bid
           1.8177463000000002e-01   4.3884277999999999e-01   0.0000000000000000e+00 #xyz tv0
           1.8177463000000002e-01   4.3884277999999999e-01   7.1234190630046865e-02 #xyz tv1
           3.3587572000000004e-01   3.3587572000000004e-01   0.0000000000000000e+00 7 -1 #xyz tv2 fid bid
           1.8177463000000002e-01   4.3884277999999999e-01   0.0000000000000000e+00 #xyz tv0
           1.8177463000000002e-01   4.3884277999999999e-01   7.1234190630046865e-02 #xyz tv1
           3.3587572000000004e-01   3.3587572000000004e-01   0.0000000000000000e+00 40 -1 #xyz tv2 fid bid
           1.8177463000000002e-01   4.3884277999999999e-01   0.0000000000000000e+00 #xyz tv0
           0.0000000000000000e+00   4.7499999999999998e-01   2.0036571721136226e-01 #xyz tv1
           1.8177463000000002e-01   4.3884277999999999e-01   7.1234190630046865e-02 7 -1 #xyz tv2 fid bid
           1.8177463000000002e-01   4.3884277999999999e-01   0.0000000000000000e+00 #xyz tv0
           0.0000000000000000e+00   4.7499999999999998e-01   2.0036571721136226e-01 #xyz tv1
           1.8177463000000002e-01   4.3884277999999999e-01   7.1234190630046865e-02 40 -1 #xyz tv2 fid bid
           1.8177463000000002e-01   4.3884277999999999e-01   0.0000000000000000e+00 #xyz ev0
           1.8177463000000002e-01   4.3884277999999999e-01   7.1234190630046865e-02 -1 15 #xyz ev1 fid bid
   0   0.000000000000e+00   0.000000000000e+00   0.000000000000e+00 #flag location
END_ERR 
G3dErrFileVersion 2018P3.1
FlagFileMetaData Begin
   Mesh Size - Setup1, Refinement, Pass #2, Freq. 5.640000e+09 :Title    
   Listing of mesh elements with small segments. :ToolTip  
   hf3d :Author   
   1684432042 :TimeStamp
FlagFileMetaData End
BEGIN_ERR 
26 Small mesh segment detected on body : sma_PTFE
 Small mesh segment detected on body : sma_PTFE 
 Segment Statistics - Number of Segments : 1 --- Segment length(s) : 0.071234mm. The cutoff frequency for S-Matrix Only Solve is 14.9896229MHz 
3 -1  7  40  # nfids, fids[]
2 15  -1  # nbids, bids[]
      4 4 1 0 #ntets ntri ned npts
           1.8177463000000002e-01   4.3884277999999999e-01   7.1234190630046865e-02 #xyz tv0
           0.0000000000000000e+00   4.7499999999999998e-01   2.0036571721136226e-01 #xyz tv1
           1.8177463000000002e-01   4.3884277999999999e-01   0.0000000000000000e+00 #xyz tv2
           4.4774593983311645e-01   6.9312282940577652e-01   0.0000000000000000e+00 -1 15 #xyz tv3 fid bid
           1.8177463000000002e-01   4.3884277999999999e-01   7.1234190630046865e-02 #xyz tv0
           1.8177463000000002e-01   4.3884277999999999e-01   0.0000000000000000e+00 #xyz tv1
           0.0000000000000000e+00   4.7499999999999998e-01   2.0036571721136226e-01 #xyz tv2
          -4.3884277999999999e-01   1.8177463000000002e-01   0.0000000000000000e+00 -1 15 #xyz tv3 fid bid
           1.8177463000000002e-01   4.3884277999999999e-01   7.1234190630046865e-02 #xyz tv0
           1.8177463000000002e-01   4.3884277999999999e-01   0.0000000000000000e+00 #xyz tv1
           3.3587572000000004e-01   3.3587572000000004e-01   0.0000000000000000e+00 #xyz tv2
           4.4774593983311645e-01   6.9312282940577652e-01   0.0000000000000000e+00 -1 15 #xyz tv3 fid bid
           1.8177463000000002e-01   4.3884277999999999e-01   7.1234190630046865e-02 #xyz tv0
           3.3587572000000004e-01   3.3587572000000004e-01   0.0000000000000000e+00 #xyz tv1
           1.8177463000000002e-01   4.3884277999999999e-01   0.0000000000000000e+00 #xyz tv2
          -4.3884277999999999e-01   1.8177463000000002e-01   0.0000000000000000e+00 -1 15 #xyz tv3 fid bid
           1.8177463000000002e-01   4.3884277999999999e-01   0.0000000000000000e+00 #xyz tv0
           1.8177463000000002e-01   4.3884277999999999e-01   7.1234190630046865e-02 #xyz tv1
           3.3587572000000004e-01   3.3587572000000004e-01   0.0000000000000000e+00 7 -1 #xyz tv2 fid bid
           1.8177463000000002e-01   4.3884277999999999e-01   0.0000000000000000e+00 #xyz tv0
           1.8177463000000002e-01   4.3884277999999999e-01   7.1234190630046865e-02 #xyz tv1
           3.3587572000000004e-01   3.3587572000000004e-01   0.0000000000000000e+00 40 -1 #xyz tv2 fid bid
           1.8177463000000002e-01   4.3884277999999999e-01   0.0000000000000000e+00 #xyz tv0
           0.0000000000000000e+00   4.7499999999999998e-01   2.0036571721136226e-01 #xyz tv1
           1.8177463000000002e-01   4.3884277999999999e-01   7.1234190630046865e-02 7 -1 #xyz tv2 fid bid
           1.8177463000000002e-01   4.3884277999999999e-01   0.0000000000000000e+00 #xyz tv0
           0.0000000000000000e+00   4.7499999999999998e-01   2.0036571721136226e-01 #xyz tv1
           1.8177463000000002e-01   4.3884277999999999e-01   7.1234190630046865e-02 40 -1 #xyz tv2 fid bid
           1.8177463000000002e-01   4.3884277999999999e-01   0.0000000000000000e+00 #xyz ev0
           1.8177463000000002e-01   4.3884277999999999e-01   7.1234190630046865e-02 -1 15 #xyz ev1 fid bid
   0   0.000000000000e+00   0.000000000000e+00   0.000000000000e+00 #flag location
END_ERR 
G3dErrFileVersion 2018P3.1
FlagFileMetaData Begin
   Mesh Size - Setup1, Refinement, Pass #1, Freq. 5.640000e+09 :Title    
   Listing of mesh elements with small segments. :ToolTip  
   hf3d :Author   
   1684432108 :TimeStamp
FlagFileMetaData End
BEGIN_ERR 
26 Small mesh segment detected on body : sma_PTFE
 Small mesh segment detected on body : sma_PTFE 
 Segment Statistics - Number of Segments : 1 --- Segment length(s) : 0.095107mm. The cutoff frequency for S-Matrix Only Solve is 14.9896229MHz 
2 -1  17  # nfids, fids[]
2 15  -1  # nbids, bids[]
      4 2 1 0 #ntets ntri ned npts
          -8.0875338500000005e-01   8.0875338500000005e-01   0.0000000000000000e+00 #xyz tv0
          -8.6159174000000005e-01   7.2967519000000003e-01   0.0000000000000000e+00 #xyz tv1
          -6.7291222475177181e-01   6.5262986733382200e-01   5.0840487133420553e-01 #xyz tv2
          -3.4471456000000006e-01   3.4471456000000006e-01   0.0000000000000000e+00 -1 15 #xyz tv3 fid bid
          -8.0875338500000005e-01   8.0875338500000005e-01   0.0000000000000000e+00 #xyz tv0
          -6.7291222475177181e-01   6.5262986733382200e-01   5.0840487133420553e-01 #xyz tv1
          -8.6159174000000005e-01   7.2967519000000003e-01   0.0000000000000000e+00 #xyz tv2
          -1.2727922100000000e+00   1.2727922100000000e+00   0.0000000000000000e+00 -1 15 #xyz tv3 fid bid
          -8.0875338500000005e-01   8.0875338500000005e-01   0.0000000000000000e+00 #xyz tv0
          -5.2450544840058211e-01  -2.7229783445614214e-01  -4.2327114494133838e-01 #xyz tv1
          -8.6159174000000005e-01   7.2967519000000003e-01   0.0000000000000000e+00 #xyz tv2
          -3.4471456000000006e-01   3.4471456000000006e-01   0.0000000000000000e+00 -1 15 #xyz tv3 fid bid
          -8.0875338500000005e-01   8.0875338500000005e-01   0.0000000000000000e+00 #xyz tv0
          -8.6159174000000005e-01   7.2967519000000003e-01   0.0000000000000000e+00 #xyz tv1
